1.46429e+09
6.10623e+08
3.82855e+08
6.83482e+08
3.97821e+08
1.87363e+09
5.73769e+08
1.9483e+09
3.61498e+08
1.69773e+09
1.90442e+09
7.43371e+08
1.15369e+09
1.44415e+09
2.09158e+09
4.90702e+08
1.4839e+09
3.79441e+08
1.83993e+09
1.85626e+09
1.28077e+09
1.01667e+08
1.55168e+09
4.19722e+08
1.4868e+09
1.26094e+09
1.54371e+09
3.59921e+07
9.4138e+08
1.97919e+09
1.22946e+09
2.58184e+08
4.42328e+08
1.61231e+09
9.41665e+08
8.40149e+08
1.33846e+09
1.51543e+09
6.40962e+08
1.69996e+09
1.06568e+09
3.97897e+08
2.95846e+08
7.1891e+07
1.84205e+09
2.39938e+08
5.62593e+08
1.17847e+09
6.19379e+08
2.55036e+08
8.87245e+08
1.90015e+09
3.56703e+08
2.91437e+08
1.72389e+08
1.84351e+09
1.55237e+09
1.7161e+09
1.8795e+09
3.46271e+08
1.5478e+09
9.61471e+08
6.04454e+08
1.99013e+09
4.26299e+08
1.54612e+09
6.82797e+08
1.76476e+09
9.14071e+08
1.32376e+09
1.31723e+09
1.97975e+09
1.72166e+09
1.61308e+09
2.05164e+09
1.41622e+09
1.85302e+09
4.66754e+08
4.47206e+08
3.24913e+08
7.2179e+08
1.33445e+09
7.75806e+07
1.07849e+09
1.62589e+09
2.4997e+08
7.74516e+08
1.03078e+09
1.96607e+09
5.06531e+08
1.37705e+09
1.36639e+09
1.468e+09
1.9815e+09
1.20903e+09
1.8943e+09
1.38014e+09
1.89183e+09
1.51158e+09
1.46728e+08
1.06811e+09
6.81326e+08
2.12648e+09
6.42279e+08
1.46923e+08
2.03064e+09
2.0585e+09
1.99994e+09
3.49913e+08
3.58223e+08
1.7737e+08
1.0717e+09
1.69267e+09
2.5495e+08
2.71212e+06
1.17108e+09
5.0492e+08
7.77228e+08
5.43752e+07
3.23504e+08
1.28376e+09
1.43142e+09
1.68989e+09
6.04277e+08
1.26545e+09
7.51442e+08
3.51094e+08
4.98102e+08
4.9579e+08
1.86267e+09
6.44829e+08
1.5639e+09
3.96513e+08
6.23827e+08
5.86916e+07
5.43436e+08
5.06986e+08
2.11719e+09
3.95893e+08
8.56898e+08
3.27931e+08
5.73262e+08
1.9286e+09
2.02061e+09
8.28213e+08
1.93131e+09
1.0442e+09
1.33313e+09
5.61058e+08
1.09858e+09
1.65664e+09
1.84482e+09
3.82518e+08
1.19904e+09
3.0161e+08
1.64796e+09
1.95049e+09
6.52704e+08
2.14607e+09
2.98791e+08
3.67891e+08
6.43411e+08
1.86269e+09
7.64405e+08
1.26724e+09
1.92138e+09
1.30784e+09
1.77422e+09
1.89109e+09
1.70373e+09
4.83639e+08
7.15347e+07
1.29512e+08
2.64756e+08
2.09214e+09
9.57725e+08
4.85863e+07
9.88859e+08
1.43374e+08
6.09644e+08
2.08744e+09
1.80001e+09
3.06977e+08
3.22471e+08
8.5157e+08
6.08587e+08
1.97043e+09
6.54572e+08
1.26129e+09
1.96902e+09
9.53363e+08
1.62918e+09
4.64945e+08
6.68567e+08
2.46104e+08
1.73218e+09
4.42462e+08
1.55394e+09
1.35892e+09
1.86066e+08
1.11019e+09
1.84256e+09
2.57601e+08
1.23971e+09
2.10732e+09
2.02258e+08
4.99471e+07
8.42127e+06
1.19112e+09
1.93321e+08
6.18065e+08
1.13107e+09
1.99333e+09
9.25042e+08
1.45354e+09
6.97418e+08
1.53363e+09
1.27649e+09
1.35199e+09
6.47436e+08
1.09802e+09
1.57868e+08
1.29135e+08
1.56297e+09
8.26435e+08
3.75239e+08
1.14767e+09
1.2689e+09
1.92918e+09
3.59107e+08
1.45496e+09
8.91894e+08
5.41859e+07
1.71256e+09
2.1316e+09
1.40209e+07
1.91482e+09
3.40632e+07
2.24422e+07
9.58454e+08
2.27384e+08
6.40507e+08
2.08952e+09
7.32314e+07
1.56555e+09
1.39558e+09
7.70649e+08
9.51695e+08
5.24586e+08
2.12264e+09
1.59913e+09
1.62261e+09
1.33023e+08
1.72827e+09
1.0381e+09
9.59458e+08
2.1035e+09
3.82792e+07
8.08717e+07
1.8852e+09
3.97387e+08
1.53583e+09
6.29615e+08
4.51573e+08
1.10092e+09
6.13731e+08
4.65593e+08
8.68253e+08
6.47794e+08
4.88036e+08
1.82671e+09
8.75178e+08
1.12854e+09
1.76875e+09
9.4841e+08
5.46609e+08
1.01684e+09
1.71906e+09
1.4983e+09
1.54143e+09
1.69421e+09
9.49951e+08
1.01655e+09
1.82724e+09
5.30733e+08
2.05465e+09
6.3921e+08
4.86754e+08
2.09293e+09
7.20082e+08
2.24475e+08
3.42832e+08
1.08433e+08
8.5409e+08
7.94405e+08
1.20935e+09
1.46782e+09
1.26e+09
2.0776e+09
2.11561e+09
1.74803e+09
1.75682e+09
8.43309e+08
7.29093e+08
1.37809e+09
1.79172e+09
1.2757e+09
2.47445e+08
1.36329e+09
6.26522e+08
1.78887e+09
9.10023e+08
1.57647e+09
6.57945e+08
5.89775e+08
2.10721e+09
5.65111e+08
1.22898e+09
4.46476e+08
5.10557e+08
1.94907e+09
6.70951e+08
8.53389e+08
2.0575e+09
1.52504e+09
1.64779e+09
1.11936e+09
8.45377e+08
7.60308e+08
1.04948e+09
8.13508e+08
3.60859e+08
6.58822e+08
1.65682e+09
1.08995e+09
2.03691e+09
1.30105e+09
2.1817e+08
1.36871e+08
5.16863e+08
8.44692e+08
1.92574e+09
1.42689e+09
2.73681e+08
4.36206e+08
2.01666e+09
2.33403e+08
1.00132e+09
1.09816e+09
6.79878e+08
1.51187e+09
8.99745e+08
1.35083e+09
2.17779e+08
8.09761e+08
7.28385e+08
1.86557e+09
1.92913e+09
1.57376e+09
4.78398e+08
8.31123e+08
2.39787e+08
8.39257e+08
1.48995e+09
1.8966e+09
1.92921e+09
1.37937e+09
1.05017e+09
2.14738e+09
1.51624e+09
1.56704e+09
8.44587e+08
1.2945e+09
8.46438e+08
1.11827e+09
1.73071e+09
7.15615e+08
1.35167e+09
5.84544e+08
1.81378e+09
2.03155e+09
2.09642e+09
5.66038e+08
1.23489e+09
1.66714e+08
1.3758e+09
1.96328e+09
2.03229e+09
1.15744e+09
1.38956e+09
3.63201e+08
1.98856e+09
1.62935e+09
1.20246e+09
1.33103e+09
1.37847e+09
9.84182e+08
5.62913e+08
2.81157e+08
9.84077e+08
2.07916e+09
1.84819e+09
1.82866e+09
1.22618e+09
5.47147e+08
7.9945e+08
8.09403e+08
1.26276e+09
3.63684e+06
1.39395e+09
9.29055e+08
2.03519e+09
1.34288e+09
1.49509e+09
1.1226e+09
1.50959e+09
7.23408e+08
9.38392e+08
1.3944e+09
1.88085e+09
1.80467e+08
1.7576e+09
1.72193e+09
1.80981e+09
8.12572e+08
9.05469e+08
1.04079e+09
1.79675e+09
1.46838e+09
1.32195e+09
6.33348e+08
1.40005e+09
1.02266e+09
3.14529e+08
4.78747e+08
1.56981e+09
1.11398e+09
1.28815e+09
6.85087e+08
1.11762e+09
5.34613e+08
1.61414e+09
1.00532e+09
1.87749e+09
9.61751e+08
2.12791e+09
1.2396e+09
1.68516e+09
9.18823e+08
4.86518e+08
1.41852e+09
1.09929e+09
9.66326e+07
9.92968e+08
7.61618e+08
9.09205e+08
1.89844e+09
1.80241e+09
5.58476e+08
1.21934e+09
9.7688e+08
1.19182e+09
4.71906e+08
1.99954e+09
1.50635e+09
9.50652e+08
1.42186e+09
4.72848e+08
9.13185e+07
2.10695e+09
1.59046e+09
6.25931e+08
1.57361e+09
4.48297e+08
3.55941e+08
3.87878e+08
4.28728e+08
1.59555e+09
2.07304e+09
1.34755e+09
2.08206e+09
1.34408e+09
2.99356e+08
3.12121e+07
1.89561e+08
1.06097e+09
9.40417e+08
2.088e+09
7.15902e+08
1.49889e+09
1.15985e+09
1.69278e+09
5.43232e+08
1.63175e+09
1.54484e+09
2.04958e+09
4.34923e+08
8.19221e+08
3.74949e+08
5.26242e+08
