5.75295e+07
1.96713e+09
1.60657e+09
1.42092e+09
9.64484e+07
1.40962e+07
1.71455e+08
1.5993e+08
1.50814e+09
1.49694e+09
5.7322e+08
1.60503e+09
7.06429e+08
7.36237e+06
1.26621e+09
5.6638e+08
7.19601e+08
5.33481e+08
1.84031e+09
5.72671e+08
1.42527e+09
2.28216e+08
1.2751e+09
1.8893e+09
4.80698e+08
7.86137e+08
3.98858e+06
1.06154e+09
1.60662e+09
1.83182e+09
1.86092e+08
1.66415e+09
1.65146e+09
1.79266e+09
9.3759e+08
1.74791e+09
1.80676e+09
1.10905e+09
1.90784e+09
1.16742e+09
4.58505e+08
3.33575e+08
6.24961e+08
1.16493e+09
3.40938e+08
1.89117e+09
1.73131e+09
1.06054e+09
2.77164e+08
1.42414e+09
1.63321e+09
1.70244e+09
1.65235e+09
7.60823e+08
1.44425e+09
2.13305e+09
1.54696e+09
1.44824e+09
1.04711e+09
1.0061e+09
1.13257e+09
1.2332e+09
5.22764e+08
6.36549e+08
8.78378e+08
1.46035e+09
2.36974e+08
5.37655e+08
4.21917e+08
2.14481e+09
1.70507e+09
8.80423e+08
3.30905e+08
1.82551e+08
2.04536e+09
6.71843e+08
2.07372e+09
1.62919e+09
1.73238e+09
2.03398e+08
9.0584e+08
1.21811e+09
1.90583e+09
4.10708e+08
1.97893e+09
1.2026e+09
3.96274e+08
1.37841e+09
5.03357e+08
1.44338e+09
2.37021e+08
1.63593e+09
5.29093e+08
7.59786e+08
1.24993e+08
1.40747e+09
7.26568e+07
3.61967e+08
1.94513e+09
4.94574e+08
3.59297e+08
1.50272e+09
1.375e+09
6.90202e+08
1.68527e+09
1.27287e+09
1.36205e+09
1.6115e+09
7.54574e+08
9.46943e+08
1.8149e+09
1.66041e+09
1.75675e+07
1.57325e+09
2.07112e+09
1.9965e+09
6.28367e+08
3.19912e+08
1.22742e+09
1.13172e+09
1.76329e+09
1.46444e+09
6.20168e+08
1.44902e+08
7.67452e+07
7.45161e+08
1.55237e+09
1.49402e+08
1.10713e+09
1.35002e+09
6.43976e+08
1.46643e+09
7.05248e+08
2.01897e+09
9.14386e+06
2.43032e+08
1.14436e+09
1.37119e+09
1.85453e+09
1.89893e+09
1.70649e+08
1.52195e+09
1.41186e+09
1.88216e+08
9.47714e+08
1.3355e+09
3.7231e+07
1.57608e+09
1.65541e+09
1.26465e+09
5.60321e+08
1.27122e+09
5.81613e+08
1.18049e+09
1.41612e+09
6.58358e+08
1.92565e+09
8.21012e+08
8.0776e+08
8.85294e+08
2.35438e+07
1.45174e+09
2.04236e+08
7.28792e+08
1.32322e+09
2.1338e+08
9.71824e+08
3.201e+08
1.58457e+09
6.78872e+08
7.15481e+07
1.75522e+09
5.33367e+07
1.48341e+09
1.94343e+09
1.00105e+09
6.71427e+08
1.98066e+09
4.29648e+08
1.79356e+08
1.09783e+09
9.89969e+08
1.45058e+09
1.67945e+09
2.29751e+07
7.19215e+08
1.90321e+08
1.94863e+09
1.54023e+09
9.98081e+08
6.86436e+08
1.56377e+09
3.02333e+08
8.90672e+08
1.45079e+08
1.62556e+09
1.10405e+09
1.1169e+09
1.94566e+09
5.41137e+08
1.79578e+09
2.01721e+09
1.48871e+08
1.84911e+09
1.35313e+09
2.09231e+09
7.02679e+08
2.02456e+09
1.92549e+09
1.13233e+09
5.64309e+07
8.75837e+08
2.1223e+09
1.50701e+09
4.078e+08
2.14527e+09
7.87391e+07
5.98122e+08
1.94641e+09
1.61897e+09
1.5962e+09
4.85365e+08
1.03525e+09
1.89854e+09
1.37604e+09
1.18033e+09
1.37661e+09
3.32605e+08
1.49752e+08
1.17478e+09
8.73742e+08
1.94553e+09
1.04451e+09
1.02261e+09
1.64716e+09
2.50155e+08
9.67435e+08
2.02352e+08
1.27231e+08
7.45438e+08
1.33468e+09
1.83662e+08
1.62127e+09
1.30949e+09
1.69067e+09
2.02907e+09
1.30728e+09
1.76941e+09
4.79713e+08
1.10621e+09
1.24089e+09
2.07592e+09
1.59157e+09
1.28661e+08
1.82697e+09
8.20127e+08
1.30899e+09
1.0561e+09
1.15273e+09
1.45875e+09
8.33965e+07
2.02648e+09
1.25679e+09
1.1279e+09
9.01605e+08
7.56463e+08
1.37806e+09
1.86904e+09
9.58815e+08
1.50529e+09
4.66994e+08
1.4601e+08
1.68895e+09
2.08827e+09
1.4555e+09
1.23214e+09
1.96986e+09
6.15296e+08
8.54061e+08
3.02089e+08
1.7215e+09
2.09495e+09
2.30521e+08
1.16559e+09
7.61287e+07
2.05749e+09
1.98572e+09
1.38512e+09
9.66101e+08
9.90971e+08
6.96385e+08
1.0495e+09
8.69963e+08
1.95318e+09
2.99171e+07
1.77157e+09
5.62156e+08
1.40798e+09
1.49312e+09
1.52097e+09
7.65781e+08
1.96012e+09
1.66698e+09
3.07248e+08
1.9009e+09
9.74997e+08
1.53938e+09
1.72328e+09
1.59029e+09
2.45962e+08
2.02537e+09
1.16431e+09
1.9343e+08
1.08404e+08
1.82426e+08
2.69558e+08
1.84092e+07
2.06645e+07
1.65468e+09
9.8451e+08
1.01164e+09
2.03583e+08
2.03401e+09
1.8816e+09
9.27513e+06
2.06392e+09
1.50568e+09
5.71431e+08
1.32442e+09
8.51323e+08
2.0924e+09
2.0902e+09
6.63957e+08
1.6119e+09
2.49963e+08
4.17375e+08
4.39411e+08
1.78935e+09
2.14065e+09
2.0297e+09
2.03531e+09
2.01854e+09
1.04654e+09
8.1255e+07
2.12694e+09
1.22896e+09
3.50813e+08
2.14535e+09
1.24963e+09
2.00549e+09
9.82375e+08
1.13777e+08
6.15932e+07
8.68899e+08
1.99538e+09
7.08684e+07
7.8534e+08
1.35357e+09
6.42299e+08
2.10976e+09
5.74136e+07
5.87216e+08
2.05247e+09
7.2137e+08
5.16297e+07
1.5495e+08
1.13875e+09
4.9104e+08
1.9443e+09
1.13191e+09
3.73261e+08
1.83212e+09
1.00297e+09
1.4198e+09
1.91338e+09
9.82422e+08
5.01273e+08
1.16708e+08
9.80287e+08
1.7509e+09
2.1222e+09
1.96266e+09
1.86468e+09
3.63117e+07
6.84078e+08
1.71257e+09
1.0718e+08
1.46942e+09
9.18659e+08
7.49479e+08
1.43169e+09
9.76073e+08
1.3367e+09
1.33668e+09
1.69744e+09
1.38832e+09
1.49163e+09
6.88704e+08
1.87937e+09
1.28844e+09
1.82062e+09
1.05142e+08
9.73084e+08
6.76101e+08
1.52494e+09
7.38978e+08
1.65852e+09
2.02621e+09
8.55686e+08
4.91327e+08
1.62963e+09
8.30405e+08
3.06506e+08
1.34682e+09
8.66716e+08
9.90584e+08
9.11902e+08
9.73896e+08
3.12519e+08
1.83056e+09
1.72338e+09
1.74421e+09
6.5915e+08
9.12587e+08
9.33406e+08
2.09109e+08
1.53428e+08
2.77551e+08
8.97813e+08
2.03279e+09
1.566e+09
5.70948e+08
2.13794e+09
3.91595e+08
1.24705e+09
1.51539e+09
1.13057e+09
7.58089e+08
1.39412e+09
1.98626e+09
1.24942e+09
8.7626e+08
6.69181e+08
1.55592e+09
7.55936e+07
1.5359e+09
3.99023e+08
9.87496e+08
3.6231e+08
7.11541e+08
6.70573e+08
2.08569e+09
3.08268e+08
1.32972e+09
8.50789e+08
1.24167e+09
1.53883e+09
1.00422e+09
1.51922e+09
2.89162e+08
8.89528e+08
9.37736e+08
8.6011e+08
8.7998e+08
1.32933e+09
2.10716e+09
2.47887e+08
3.12421e+08
7.17764e+08
1.642e+09
1.51197e+08
1.96718e+09
3.7078e+08
8.20378e+08
1.37562e+09
4.46374e+08
2.08792e+08
1.77464e+09
1.43387e+09
5.71102e+08
3.38699e+08
2.10444e+09
5.09304e+08
6.46967e+08
1.28668e+09
1.36009e+09
1.88864e+09
6.78031e+08
2.16827e+08
1.26038e+09
9.67193e+08
1.10635e+09
5.0634e+07
1.8273e+09
1.98633e+09
1.37997e+09
1.78698e+09
8.67371e+07
1.69239e+09
3.57258e+08
1.72874e+09
1.84358e+09
1.76955e+08
2.09952e+09
5.16479e+08
1.55257e+09
3.98411e+08
7.25271e+08
1.17973e+09
1.83228e+09
1.29637e+09
1.51843e+09
1.78924e+09
1.80568e+09
1.79139e+07
9.28438e+08
1.01829e+09
1.90655e+09
1.60647e+09
1.23511e+09
1.01945e+09
4.26179e+08
1.93983e+08
1.07009e+09
1.05998e+08
3.28336e+07
3.02568e+08
1.89298e+09
1.19571e+08
1.99495e+09
1.0275e+08
1.84831e+09
1.69106e+09
2.79705e+08
1.80035e+09
6.00503e+07
1.83228e+09
5.12772e+07
7.85321e+08
8.64527e+08
1.88356e+09
2.08169e+09
2.35474e+08
1.52531e+09
1.73989e+09
2.53388e+08
3.06269e+08
6.10689e+08
1.24581e+07
1.91274e+09
1.8458e+09
1.03191e+09
1.91433e+08
2.03978e+09
2.102e+09
2.97431e+08
2.07262e+09
2.57079e+08
4.29225e+07
4.47051e+07
1.0455e+08
1.45673e+08
1.89302e+09
1.79561e+09
4.25378e+08
1.54588e+09
1.85566e+09
1.10173e+08
1.59716e+09
4.93493e+08
9.74699e+08
1.33323e+09
4.27703e+08
1.21017e+09
7.11065e+08
2.01065e+07
1.46356e+09
1.01733e+09
6.30795e+08
1.47602e+09
7.82588e+08
3.29113e+08
3.60445e+08
9.74021e+08
2.21414e+08
3.14957e+08
1.27145e+09
1.46548e+08
5.72036e+08
1.31437e+09
1.91253e+08
6.76587e+08
1.46005e+09
2.08427e+09
3.24708e+08
1.88542e+09
1.48267e+09
3.28801e+07
1.9956e+09
9.32346e+08
5.26373e+08
8.22813e+08
1.18097e+08
9.54076e+08
2.03299e+09
8.29162e+08
9.74183e+08
1.34906e+09
1.84649e+09
1.60498e+09
6.77599e+08
4.81599e+08
1.93409e+09
1.03804e+09
1.45562e+09
8.02158e+06
1.353e+09
5.79588e+08
1.5457e+08
1.92504e+09
1.89396e+09
3.45823e+08
4.5414e+08
1.20653e+09
2.8261e+08
7.78849e+08
9.44466e+08
1.76528e+09
8.11729e+08
7.92579e+08
5.50142e+08
1.3381e+09
1.61539e+09
6.68239e+08
1.44695e+08
1.50089e+09
1.4974e+09
1.11888e+09
7.02473e+08
1.19641e+09
5.76372e+08
1.38007e+09
1.67801e+09
3.6298e+08
2.70632e+08
9.86148e+08
3.71002e+08
1.62363e+09
1.56574e+09
5.25571e+08
1.40119e+09
1.31221e+09
8.71394e+08
1.85533e+09
3.71256e+08
1.154e+09
4.86693e+08
1.31572e+09
7.718e+08
1.29842e+09
2.1083e+09
1.32194e+09
4.8904e+08
1.57621e+09
1.99018e+09
6.33734e+08
9.29619e+08
1.3401e+09
1.75261e+09
1.63209e+09
3.89028e+08
1.81501e+08
8.64681e+08
2.06704e+09
5.44481e+08
1.13531e+09
9.05704e+08
9.15482e+08
6.11464e+08
3.23957e+08
1.44105e+09
2.01265e+09
1.63617e+09
1.64964e+08
1.7205e+09
2.00743e+09
1.31897e+09
5.97048e+07
1.17567e+09
2.09077e+09
1.35813e+09
1.13648e+09
1.26523e+09
1.84717e+09
5.65208e+08
1.10792e+09
3.33417e+08
1.49483e+09
3.0054e+08
2.08603e+09
9.79437e+08
6.89569e+08
1.20046e+08
1.84412e+09
6.09125e+08
6.64527e+08
8.31949e+08
1.51483e+09
1.58001e+09
1.44341e+09
1.83879e+09
8.73579e+08
1.30858e+09
1.32747e+09
1.03854e+09
8.81592e+08
1.18742e+09
2.10028e+08
9.41297e+08
2.15598e+08
1.53313e+08
1.5194e+08
1.35208e+09
1.41854e+09
1.99911e+09
1.91729e+09
3.78981e+08
1.85039e+08
1.26463e+09
6.79521e+08
1.23585e+08
9.65869e+07
1.36909e+09
2.43631e+08
1.94071e+09
1.97821e+09
9.08158e+08
6.2517e+08
1.34556e+09
3.40684e+08
2.06858e+09
1.03686e+09
1.21426e+09
1.22968e+09
2.16852e+08
1.05323e+08
2.11127e+09
1.40427e+09
3.15351e+08
9.05085e+08
1.61987e+09
4.68664e+08
1.05702e+09
8.24464e+08
1.8872e+09
9.08647e+08
5.9427e+08
1.18701e+08
1.09369e+09
1.8589e+09
7.98222e+08
1.21727e+09
1.95549e+09
1.98284e+07
1.4609e+09
1.74871e+09
1.99804e+09
2.21577e+08
2.26399e+08
1.19612e+09
5.62261e+08
1.47498e+08
8.54983e+07
1.77652e+09
1.37718e+09
3.0235e+08
1.88185e+09
1.34097e+09
1.70662e+09
4.97144e+07
9.85665e+07
1.179e+09
5.18378e+08
1.15559e+09
2.00347e+09
2.58099e+08
2.06424e+09
4.50252e+08
3.768e+08
1.01044e+09
1.61672e+08
1.17502e+09
8.02273e+07
2.11716e+09
1.19485e+09
1.54113e+09
1.71839e+09
1.04541e+09
1.76271e+09
1.94479e+09
9.40457e+07
1.77484e+08
2.09229e+09
1.79544e+08
1.95401e+09
1.32198e+09
4.81894e+08
1.68837e+09
5.15464e+08
4.10288e+07
1.73809e+09
6.1403e+08
1.22003e+09
1.0898e+08
1.76962e+09
1.07601e+09
3.67079e+08
1.68637e+09
1.52626e+09
7.43878e+08
5.49331e+08
1.68794e+09
1.9189e+09
6.29558e+08
1.65761e+09
9.66267e+08
2.32038e+07
1.22852e+09
2.01168e+09
1.78591e+09
1.02583e+09
2.10572e+09
1.96339e+09
9.70631e+08
1.37782e+08
1.76992e+09
1.45129e+08
6.19676e+08
1.31081e+09
6.60593e+08
6.60705e+08
9.01407e+08
1.27462e+09
1.88074e+09
1.01039e+09
8.9676e+08
8.09264e+08
1.37747e+09
4.35651e+08
1.88045e+08
2.12134e+09
9.84981e+08
1.87598e+09
1.89276e+09
1.61454e+09
1.38611e+09
7.11543e+08
1.63774e+09
4.67149e+08
5.75736e+08
1.27617e+09
1.49298e+09
5.33974e+08
1.09208e+09
3.16124e+08
6.71756e+08
7.14515e+08
4.61253e+08
1.29143e+09
2.02532e+09
1.12185e+09
1.95214e+09
7.79244e+08
2.48985e+08
1.68539e+09
1.78963e+09
1.14575e+09
3.4717e+08
1.01961e+09
1.5814e+09
5.35215e+08
9.93473e+08
4.18894e+08
2.63712e+08
7.3875e+08
2.03343e+09
1.64982e+09
1.45029e+09
1.52369e+09
2.11697e+09
2.02603e+09
6.52378e+08
1.46247e+09
4.12518e+08
1.74446e+09
1.77859e+09
1.08427e+09
3.1149e+08
9.23592e+07
2.28224e+08
1.89327e+08
1.21421e+09
3.2878e+07
9.68572e+08
1.46319e+09
1.71827e+09
6.10719e+08
4.61453e+08
2.06544e+09
1.63033e+09
2.04285e+09
4.53169e+08
4.76321e+08
3.14259e+08
7.16881e+08
1.21507e+09
2.00208e+08
2.19221e+08
5.1788e+08
1.7239e+09
1.88709e+08
3.96424e+08
2.28795e+08
1.65117e+09
8.08943e+08
1.97325e+09
1.28228e+09
1.89322e+09
1.3726e+08
1.37464e+09
2.12144e+09
3.26588e+08
4.41361e+08
6.83569e+06
1.29516e+09
1.90455e+09
1.7251e+09
1.90588e+09
2.18521e+08
1.64306e+09
1.38873e+09
1.13886e+08
2.09623e+09
1.86505e+09
4.28145e+08
6.65625e+08
9.32635e+08
6.28353e+08
8.84845e+08
1.45051e+09
2.0477e+08
1.07355e+09
1.84694e+09
4.33564e+08
5.77246e+08
5.08398e+08
2.59335e+08
1.85953e+09
2.54132e+08
3.96595e+08
1.08668e+09
2.2809e+08
7.23183e+08
1.52804e+09
2.34926e+08
2.01834e+09
1.28511e+09
1.96003e+09
1.77674e+09
1.50363e+09
1.4556e+09
1.01798e+09
1.61752e+09
1.40435e+09
7.35544e+08
2.04566e+09
2.06997e+09
1.66818e+09
5.26534e+08
8.07333e+08
9.71211e+08
7.31304e+08
1.88089e+09
6.70667e+08
1.16487e+09
3.1065e+08
1.17906e+09
1.4242e+09
2.26923e+07
1.4332e+09
1.8208e+09
1.10937e+09
1.66129e+09
3.96497e+08
4.89934e+08
1.89621e+09
2.67356e+08
1.77505e+09
1.70876e+09
2.04409e+09
1.1312e+09
1.01688e+09
9.14589e+08
6.01231e+08
2.73741e+08
1.65013e+09
4.99413e+08
1.96229e+08
1.17083e+09
1.02595e+09
1.00356e+09
2.14204e+09
1.75725e+09
7.36966e+08
6.65224e+08
7.74635e+08
1.04762e+09
1.84429e+09
5.13545e+07
1.07031e+09
1.13e+09
1.87215e+09
3.21987e+07
6.43806e+08
1.21166e+08
5.22133e+08
3.92535e+08
3.88522e+08
1.49695e+08
2.10129e+09
2.85131e+08
1.28089e+09
9.70687e+08
1.19972e+09
1.88212e+09
1.24443e+09
7.0237e+08
2.34051e+08
1.44066e+09
1.8732e+09
1.26e+09
2.96736e+08
1.86776e+09
8.69765e+08
1.0337e+09
3.85497e+08
1.6444e+09
2.08132e+09
8.23026e+07
1.69575e+09
1.00414e+09
1.21231e+09
1.42042e+09
1.03634e+09
1.85611e+09
1.54159e+09
1.55847e+09
1.01162e+08
1.93011e+09
1.70817e+09
5.4972e+07
6.7758e+07
8.41576e+08
1.02566e+09
1.26748e+09
5.76214e+08
1.22604e+08
1.96985e+09
8.10265e+08
1.56326e+09
1.69556e+09
2.07026e+09
1.86e+09
1.41584e+09
7.92544e+08
7.46216e+08
1.80134e+09
2.89461e+08
6.8005e+08
1.88364e+09
1.98522e+09
1.68419e+09
9.4846e+08
1.25815e+09
5.7305e+08
6.57087e+08
6.5226e+08
2.13152e+09
7.5825e+08
4.34888e+08
1.69221e+09
8.13222e+08
5.02646e+08
3.86301e+08
1.83888e+09
1.77012e+09
9.62515e+08
1.96149e+09
1.59249e+09
1.77278e+09
1.37726e+09
1.14057e+09
1.69556e+09
1.08978e+09
4.08925e+08
3.4062e+08
1.83599e+09
6.27774e+07
6.3008e+08
3.68561e+08
1.94642e+09
4.67812e+08
2.05275e+09
7.47393e+08
1.72597e+09
4.7832e+08
1.40448e+09
2.30743e+08
4.6236e+08
1.52464e+07
6.65631e+08
7.08471e+06
8.28468e+08
1.16828e+09
3.93385e+08
5.19866e+08
7.90917e+08
1.3559e+09
3.33868e+08
2.35922e+08
9.81196e+08
1.71113e+09
1.37649e+09
5.29272e+08
6.53427e+08
1.78542e+09
8.69892e+08
3.41938e+08
1.84819e+09
1.49997e+09
7.10499e+08
1.64713e+09
1.96778e+09
6.15769e+08
2.47036e+08
1.54627e+09
1.09409e+09
1.65152e+09
1.77701e+09
1.55645e+09
1.66676e+09
2.95157e+08
1.56353e+09
3.47747e+08
1.46343e+09
1.95692e+09
8.67613e+08
1.06867e+08
1.16534e+09
1.20148e+09
3.42789e+08
2.14653e+09
7.65131e+08
1.71928e+09
5.2832e+08
1.41856e+09
1.35721e+09
1.39821e+09
1.7605e+09
1.05793e+09
7.507e+08
3.23512e+08
5.57568e+08
5.70999e+08
9.39281e+08
8.04604e+08
2.11727e+09
2.03337e+09
3.08637e+08
1.74679e+09
1.44233e+09
1.9754e+09
2.04195e+09
8.58384e+08
1.75662e+08
1.3579e+09
6.67819e+08
1.04328e+09
1.46477e+09
1.83315e+09
9.72738e+07
1.80756e+09
1.8322e+09
8.62404e+08
1.37935e+09
2.13038e+08
1.33479e+08
5.89086e+08
1.61125e+09
1.89397e+09
1.64701e+09
2.14466e+08
7.00027e+07
5.70958e+07
7.85465e+08
1.00928e+09
8.617e+08
7.55247e+08
8.95169e+08
1.17034e+09
3.54556e+08
1.9002e+08
9.98252e+08
2.49022e+08
1.0484e+09
1.17391e+09
1.60692e+09
1.71622e+09
6.97065e+07
9.24206e+08
1.40189e+09
1.6698e+08
5.8428e+08
1.08661e+09
1.02938e+09
1.96363e+09
1.29965e+09
1.16286e+09
4.05237e+08
7.63418e+08
9.09354e+08
2.05225e+09
9.77883e+08
9.79357e+08
2.10934e+09
1.76335e+09
1.98864e+09
8.2356e+08
3.71112e+08
7.36326e+08
1.9939e+09
7.25668e+08
9.26347e+08
8.44665e+08
9.7469e+08
1.97475e+09
2.01858e+09
4.34129e+08
1.54349e+09
2.08829e+09
1.35834e+09
7.97902e+08
1.07782e+08
1.94262e+09
1.88451e+09
1.13717e+09
1.75877e+09
1.03668e+09
1.52547e+08
1.65197e+07
1.8001e+09
1.0619e+09
2.06877e+09
6.305e+08
2.04126e+09
2.03063e+09
2.46365e+08
1.88242e+09
7.06704e+08
6.17477e+08
4.71258e+08
5.53116e+08
1.34315e+09
1.3976e+09
1.39778e+09
1.70352e+08
1.22487e+09
1.26888e+09
6.04481e+08
6.20879e+08
1.20968e+09
1.96282e+09
1.41878e+09
1.31746e+09
1.75795e+09
1.15581e+09
3.07144e+08
1.36923e+09
4.50114e+07
4.5969e+08
1.38575e+09
1.84511e+09
1.52159e+09
1.30704e+09
3.28128e+08
1.41537e+09
1.19018e+09
5.74493e+08
1.1503e+09
1.89688e+09
1.19197e+09
1.62156e+09
3.02515e+08
3.87633e+08
8.71676e+08
1.7003e+09
5.57985e+08
2.09655e+09
8.21689e+08
1.16247e+09
5.69944e+08
2.03137e+09
9.778e+08
1.98872e+09
1.20134e+09
5.88265e+08
9.97054e+08
1.50849e+09
1.9575e+09
1.04207e+09
1.96818e+09
1.19576e+09
7.39693e+08
1.34229e+09
3.55315e+08
1.06782e+09
6.10168e+08
1.54549e+09
1.64232e+09
1.76047e+09
1.29489e+09
6.86802e+08
1.23454e+09
1.59741e+09
1.07444e+09
2.10621e+09
1.15022e+09
1.63242e+09
2.05528e+09
1.97191e+09
6.47403e+08
4.77737e+08
1.85579e+09
1.6252e+09
3.18979e+08
9.09655e+08
6.59839e+07
1.31603e+09
2.70659e+08
2.02348e+09
2.10614e+08
9.1354e+07
1.07176e+09
9.50308e+08
1.43364e+09
1.42708e+09
2.01813e+09
2.04381e+09
8.25086e+08
1.51296e+09
1.65679e+09
2.11998e+09
5.22795e+07
7.43842e+08
1.5699e+09
1.12671e+09
7.02572e+08
5.72641e+08
6.11651e+08
6.10365e+08
3.97068e+08
1.25905e+09
1.0881e+09
1.05378e+08
7.36773e+08
1.40708e+09
1.01503e+09
8.02757e+08
5.7563e+08
1.28569e+09
6.78753e+08
7.86244e+08
1.37705e+09
1.75051e+09
1.73655e+09
6.63203e+08
1.03011e+09
1.6072e+09
5.59527e+08
1.85519e+09
9.72675e+08
6.88327e+07
1.82769e+09
1.02495e+09
8.12675e+08
1.25011e+09
4.18497e+06
1.51525e+09
1.82275e+09
6.15836e+08
2.12561e+09
7.23337e+07
1.87489e+09
1.06623e+09
1.77712e+08
4.64179e+08
3.25828e+08
1.19275e+09
1.26694e+09
9.01458e+08
3.30954e+08
1.94569e+09
1.6877e+09
1.708e+09
1.54872e+09
1.27677e+09
2.2372e+08
4.31342e+08
7.36484e+08
7.83247e+08
1.39051e+08
1.70916e+09
8.5208e+08
1.96674e+09
5.86629e+08
1.66476e+09
1.06936e+09
5.90814e+08
1.03252e+09
7.44629e+08
1.20665e+09
1.01065e+09
8.16963e+08
9.34056e+08
2.07688e+09
9.94675e+08
1.39824e+09
2.5522e+08
3.99366e+07
5.17688e+08
1.15668e+09
3.70891e+08
3.15893e+08
6.96896e+08
2.07889e+09
1.86461e+09
1.97367e+09
1.55129e+08
1.48471e+08
5.62666e+08
9.38376e+08
2.87522e+08
1.24341e+08
1.79046e+09
1.06777e+08
7.1097e+08
1.30773e+09
1.17614e+09
1.30178e+09
1.92762e+08
1.92077e+09
3.6095e+08
1.20341e+09
5.90249e+08
1.29501e+09
1.1328e+09
1.58492e+09
5.45757e+08
1.38802e+09
1.62486e+09
1.06344e+09
3.97216e+08
1.99575e+09
1.37934e+09
1.09411e+09
1.92716e+09
1.09647e+09
9.20295e+08
2.08229e+09
1.24494e+09
1.48296e+09
8.73181e+08
1.53246e+09
1.6073e+09
5.16154e+08
1.63924e+09
1.70788e+08
1.82388e+09
6.67895e+08
1.47257e+09
2.01664e+09
4.41181e+08
1.83352e+09
1.07257e+09
1.03143e+09
9.81044e+08
5.78862e+07
4.6887e+08
1.5268e+09
1.44591e+09
2.09373e+09
4.42763e+08
1.84312e+09
1.942e+09
1.8221e+09
7.89752e+08
1.72167e+09
7.71085e+08
1.71005e+09
1.65648e+09
2.01602e+09
1.04552e+09
3.82176e+08
1.401e+09
5.05342e+08
8.98329e+08
8.92757e+08
6.7613e+08
5.74727e+08
1.56065e+09
1.21776e+06
4.43888e+08
2.00183e+09
1.83474e+09
1.51646e+09
8.8578e+08
6.683e+08
1.57434e+09
1.35465e+09
4.76174e+07
8.72767e+08
1.3009e+09
4.9038e+08
5.68406e+08
1.09541e+09
1.64997e+08
1.35816e+09
6.696e+08
9.36083e+08
9.20721e+08
1.78595e+08
8.04624e+08
1.96624e+09
5.6077e+08
5.81422e+07
3.24102e+08
1.4591e+09
9.50899e+08
1.00023e+09
2.03383e+09
3.64068e+08
1.00145e+09
3.30231e+08
2.18418e+08
6.88705e+08
1.84669e+09
1.1042e+09
1.357e+09
1.27355e+09
3.11364e+08
1.40462e+09
2.14631e+09
1.61226e+09
1.895e+09
5.67236e+08
5.60186e+08
2.06e+09
1.92539e+09
1.22979e+09
8.48599e+08
6.9863e+08
1.40838e+09
1.65322e+09
5.17391e+08
1.96915e+09
1.71136e+09
8.41492e+08
1.28077e+09
5.1478e+08
1.84172e+09
1.16711e+09
8.78848e+08
6.95689e+08
1.49734e+09
1.09727e+09
1.38439e+09
1.19654e+09
5.39798e+07
5.93915e+08
3.22607e+08
3.65343e+08
1.99854e+09
3.21436e+08
1.9776e+09
1.74606e+09
8.88672e+08
3.90306e+08
1.65857e+09
6.66582e+08
1.62009e+09
3.59687e+08
1.36521e+09
8.8099e+08
2.01291e+09
1.8826e+09
7.02658e+08
1.57679e+09
5.76612e+08
1.98342e+09
2.09157e+09
2.70852e+08
1.00305e+09
8.22934e+08
9.66541e+08
3.52908e+08
1.9202e+09
2.03452e+08
1.54945e+09
1.97418e+09
7.97367e+08
1.87206e+09
1.9204e+08
6.48421e+08
4.60125e+07
2.21597e+07
2.46993e+08
9.34684e+08
4.12466e+08
1.90556e+09
1.60127e+09
2.03256e+09
1.17768e+08
8.18994e+08
7.66065e+08
2.13068e+09
5.54113e+08
1.46872e+09
1.55998e+09
1.13072e+09
1.30466e+09
1.50407e+09
1.40158e+09
1.60232e+08
1.79521e+08
2.20634e+08
5.1314e+08
2.09972e+09
4.24086e+08
2.06259e+09
1.92642e+09
1.22145e+09
1.78717e+09
2.11846e+09
1.86987e+09
1.83318e+09
2.14062e+09
2.11687e+09
6.20382e+08
4.05599e+08
1.87495e+09
7.41646e+07
2.90674e+08
1.99272e+09
8.93159e+08
1.05674e+09
1.97591e+09
1.44727e+09
3.77979e+08
1.38841e+09
4.30513e+08
1.68264e+09
7.44994e+08
1.83209e+09
1.84287e+09
9.24515e+08
2.05272e+09
2.08531e+08
8.76752e+08
3.29326e+08
1.2364e+08
6.55686e+08
1.55078e+09
1.91081e+09
6.26659e+08
1.27317e+09
1.59651e+09
6.19792e+08
1.24255e+09
6.94061e+07
1.02539e+09
9.70015e+08
1.43571e+08
1.31607e+09
8.15246e+08
1.03673e+09
2.25322e+08
6.43671e+08
3.36518e+08
6.033e+08
2.03208e+09
7.67031e+08
1.38459e+08
6.2959e+08
4.51637e+08
1.98133e+09
1.5541e+09
3.56877e+08
4.23805e+07
2.83373e+08
6.86203e+08
1.6602e+08
9.39058e+08
8.94975e+07
2.07683e+09
1.56572e+09
1.36267e+09
1.52585e+09
3.80263e+07
4.57733e+08
1.59526e+09
1.06342e+09
1.42775e+09
1.73883e+09
2.32e+08
9.55107e+07
6.28076e+08
4.57322e+08
7.39182e+08
9.64594e+08
1.06062e+09
6.23778e+08
1.73162e+09
1.19908e+09
1.25337e+09
3.57781e+07
1.03293e+09
6.59989e+08
3.92655e+08
1.07531e+09
9.43362e+08
1.07886e+09
1.24133e+09
1.88242e+09
1.16836e+09
1.17068e+09
1.30065e+09
3.83537e+08
5.49048e+08
1.33868e+09
8.41271e+08
2.14431e+09
2.54615e+08
1.21535e+08
1.73565e+09
4.86615e+08
2.17046e+08
2.16246e+08
9.43937e+08
9.56228e+08
1.18084e+09
2.00456e+09
1.58001e+09
7.64981e+08
1.05616e+09
6.8589e+08
8.00759e+08
2.08909e+09
1.34588e+09
1.19341e+09
1.01692e+09
1.41758e+08
1.24788e+08
1.10765e+08
2.02418e+09
1.29314e+09
1.28144e+09
1.17735e+09
1.67668e+09
1.83049e+09
3.68547e+08
3.70468e+08
1.82731e+09
6.23163e+08
4.92002e+08
1.41548e+09
1.10978e+09
7.09048e+08
1.63173e+09
2.05372e+09
1.66528e+09
6.65086e+08
1.91079e+09
1.0978e+09
1.43007e+09
8.19464e+08
1.78369e+09
8.33418e+07
7.61069e+08
9.82084e+08
1.27676e+09
1.77799e+09
1.12384e+09
1.40154e+09
1.88875e+09
1.00054e+09
5.47203e+08
1.02271e+09
3.04034e+07
7.64002e+07
7.05717e+08
3.98951e+08
4.46868e+08
3.85548e+08
1.02211e+09
9.3887e+08
1.80103e+09
2.13189e+09
1.64792e+09
1.28528e+09
2.03812e+09
1.16571e+09
1.95037e+09
1.80143e+09
1.16025e+08
1.23295e+09
4.7341e+08
1.89971e+09
1.31629e+09
1.23448e+09
7.34313e+08
4.45563e+08
8.6498e+08
1.85815e+09
1.84711e+09
6.06247e+08
7.11208e+08
2.46826e+08
1.62896e+09
7.41611e+08
3.23226e+08
1.8719e+08
1.14056e+09
7.70094e+08
5.72738e+08
1.51916e+07
1.70896e+09
2.26287e+08
2.14708e+09
1.2094e+09
1.51157e+09
2.03772e+09
2.27626e+08
1.31445e+09
1.69167e+09
3.4365e+08
3.99914e+08
1.75944e+07
9.58791e+07
1.7162e+09
1.25207e+09
8.30192e+08
1.42838e+07
2.11705e+09
5.40863e+08
1.86139e+09
5.75817e+08
1.25207e+09
2.10822e+09
5.72901e+07
1.99368e+09
2.83958e+08
2.4448e+08
9.8676e+08
1.05405e+09
8.17218e+08
1.00195e+09
6.15533e+08
1.0435e+09
1.00155e+09
1.82493e+09
4.07588e+08
8.91789e+08
2.05256e+09
1.72204e+09
4.35974e+08
2.48724e+08
2.12195e+09
4.53568e+08
3.44603e+08
1.69067e+09
1.70564e+09
1.17479e+09
1.70495e+09
1.67521e+09
1.71566e+09
1.41886e+09
1.03545e+08
8.20244e+08
1.37959e+09
1.60835e+08
6.66442e+08
1.66355e+09
4.05315e+08
1.6532e+09
5.7012e+08
1.22253e+09
5.07671e+08
1.18565e+09
1.18555e+08
1.50922e+09
8.631e+08
5.26142e+08
2.53528e+08
7.68174e+08
1.00695e+08
6.89502e+08
1.0169e+09
7.51609e+07
1.14307e+09
1.3615e+09
1.76583e+09
7.01227e+08
3.88811e+08
1.3233e+09
2.28955e+08
2.10447e+09
5.94681e+08
3.325e+08
7.77228e+08
1.97427e+09
4.93335e+08
1.44367e+09
1.49034e+09
8.9865e+08
9.4939e+08
2.06046e+09
2.12118e+09
1.45706e+09
1.09863e+09
9.22545e+07
8.188e+08
1.96173e+09
6.18397e+08
1.07233e+09
5.82421e+08
7.19091e+08
1.76183e+09
1.59932e+09
7.94252e+08
7.57417e+08
8.13334e+08
4.12601e+08
1.45864e+09
1.20214e+09
1.7359e+09
1.6876e+09
1.15913e+09
1.831e+08
2.0201e+09
1.93636e+09
9.89068e+06
3.65952e+08
1.23254e+09
1.50023e+09
1.2646e+09
3.44501e+07
1.41321e+09
1.2383e+09
1.49151e+09
3.64357e+08
1.33056e+09
1.62828e+08
1.78605e+08
1.94895e+09
1.23516e+09
7.61025e+08
5.20561e+08
8.49504e+08
2.12859e+08
1.31481e+09
1.60692e+09
1.02619e+09
1.72741e+09
9.18082e+08
8.0854e+07
1.31583e+09
4.58198e+08
1.23998e+09
1.49893e+09
3.30814e+08
1.02886e+09
1.50882e+09
6.96766e+08
1.13916e+08
8.61574e+08
1.96137e+09
1.48366e+08
1.273e+08
1.05219e+09
1.63988e+09
4.91658e+08
2.35259e+08
1.80271e+09
6.70262e+08
3.6729e+07
8.90379e+08
1.43129e+09
5.5729e+08
1.73988e+09
1.64415e+09
1.8721e+09
1.19932e+09
5.22856e+08
1.45203e+09
2.1174e+09
6.03711e+08
6.20383e+08
4.28117e+08
1.84369e+09
2.11932e+09
7.58932e+08
7.25065e+08
1.48066e+09
1.4557e+09
8.38981e+08
1.94748e+08
1.26958e+09
9.87346e+08
3.22048e+08
1.74285e+08
4.7974e+08
8.13706e+08
4.09544e+08
1.34962e+08
1.48397e+09
4.46273e+08
1.02534e+09
7.67772e+08
1.00356e+09
6.17741e+08
2.64436e+08
7.28183e+08
1.81706e+09
7.87292e+08
3.27322e+07
1.78698e+09
1.391e+09
6.53115e+08
6.76152e+07
1.08721e+09
6.24949e+08
8.26547e+08
1.81228e+09
2.10561e+09
1.34761e+08
5.03774e+08
1.52871e+08
1.40434e+09
1.49112e+09
4.74919e+08
1.57863e+09
1.97086e+09
1.28863e+09
1.98817e+09
2.10582e+09
6.25111e+08
2.86961e+08
9.8368e+08
1.39288e+09
1.29052e+09
1.60142e+09
1.65732e+09
2.01871e+09
1.271e+09
2.97127e+08
2.05144e+09
9.10498e+08
1.68813e+09
5.5707e+08
9.78113e+08
6.27859e+08
1.18202e+09
1.80466e+09
2.92652e+08
1.14014e+09
1.93942e+09
7.96426e+08
1.29301e+09
1.19628e+09
1.40063e+08
1.76793e+09
6.27423e+08
2.11092e+09
9.09075e+08
4.68111e+08
2.06926e+09
1.53419e+09
7.55072e+08
9.05459e+08
7.79585e+08
2.0456e+09
3.59396e+08
2.8942e+08
1.91682e+09
1.6304e+09
5.86547e+08
1.82077e+09
3.9341e+08
1.27194e+08
2.30361e+08
1.37152e+09
7.55053e+08
1.41238e+09
1.0287e+09
1.0477e+09
4.05039e+08
8.20637e+08
1.84413e+09
1.69805e+09
2.01692e+09
1.98419e+09
1.3185e+09
4.96856e+08
1.94763e+09
8.00928e+07
9.64967e+08
1.86941e+09
1.61428e+09
1.72004e+09
6.27387e+08
2.46379e+08
1.61815e+09
9.86783e+08
5.35799e+08
1.38749e+09
4.69696e+08
1.12235e+09
1.06078e+09
8.63106e+08
1.24954e+09
1.29114e+09
8.71462e+07
2.00459e+09
5.56036e+08
1.11585e+09
9.04814e+08
9.61075e+08
1.93648e+09
6.01461e+08
5.11644e+08
1.80591e+09
4.38171e+08
1.83015e+09
1.55287e+08
2.38321e+08
1.91024e+09
1.12025e+09
2.10773e+09
1.37703e+09
6.92809e+08
5.87636e+08
1.62341e+09
1.63477e+08
1.57442e+09
1.17271e+07
1.55096e+09
2.04412e+09
1.13407e+09
4.64258e+08
7.59738e+08
2.3613e+08
1.7554e+09
8.46884e+08
9.32384e+07
1.6395e+08
1.96273e+09
9.98052e+08
1.12503e+09
1.75173e+09
1.59951e+09
1.63667e+09
1.41016e+09
2.03768e+09
1.31933e+09
1.56545e+09
1.28521e+08
1.08209e+09
5.38217e+08
8.87697e+07
3.11635e+08
1.23103e+09
6.76406e+08
1.93505e+09
1.3945e+09
1.03341e+08
1.94677e+09
7.97984e+08
2.14746e+09
9.33364e+08
1.26224e+09
7.59711e+08
1.16949e+09
8.70156e+08
1.60659e+09
1.26273e+09
1.03411e+09
1.42184e+09
1.133e+08
1.16477e+07
1.02609e+09
1.71281e+09
1.64832e+09
2.88762e+08
1.60301e+09
8.20164e+08
1.85421e+09
1.73153e+09
1.90225e+09
2.44943e+08
1.8203e+09
6.64013e+07
1.47597e+09
3.49225e+08
2.00145e+09
7.22989e+08
4.52566e+08
1.80074e+09
1.52097e+09
4.52539e+08
5.86618e+08
6.35732e+08
1.21225e+09
1.75611e+09
1.50589e+09
6.71361e+08
8.71359e+08
3.92511e+08
2.0932e+09
9.84659e+08
4.04159e+08
9.71805e+08
5.49987e+08
2.05248e+09
1.26057e+09
5.51588e+06
7.25156e+08
9.67293e+08
1.73705e+09
4.79922e+08
1.21224e+09
1.40987e+09
5.46324e+08
5.40722e+08
1.75909e+09
4.00288e+08
1.26371e+09
6.41747e+07
5.3543e+07
6.37201e+08
5.16713e+08
6.40161e+08
1.27293e+09
1.72896e+09
2.48789e+08
6.31338e+08
2.5284e+08
1.12015e+09
1.02385e+09
1.98559e+08
2.10481e+09
1.42801e+09
1.17036e+09
5.0731e+08
1.333e+09
2.83447e+08
5.12826e+08
2.05816e+09
1.25074e+09
1.02391e+08
3.90595e+08
3.15492e+08
1.51226e+09
9.36919e+08
8.56214e+08
1.12387e+09
1.33721e+09
2.11993e+09
1.18804e+09
1.39075e+09
6.09643e+08
1.70476e+09
2.03091e+09
1.88258e+09
1.28624e+09
1.32217e+08
3.66431e+08
1.53908e+09
1.25236e+09
1.39028e+09
1.73763e+09
1.20969e+09
6.70805e+08
7.60514e+08
1.717e+09
2.00381e+09
1.04396e+09
8.23406e+07
1.91448e+09
1.47217e+08
1.84732e+08
1.5759e+08
4.62709e+08
1.69699e+09
1.09451e+09
1.31892e+09
6.73375e+08
2.84233e+08
1.29136e+09
1.86142e+09
1.67498e+09
1.90101e+09
1.41869e+09
1.55841e+09
1.6361e+09
5.57442e+08
1.69063e+09
2.00253e+09
2.09652e+09
7.95509e+08
1.24533e+09
1.68667e+09
2.0052e+09
1.91613e+09
2.99699e+08
1.57471e+09
1.77245e+09
1.34366e+09
1.65705e+09
1.53945e+09
1.49088e+09
1.84178e+09
1.69704e+09
1.95359e+09
1.39129e+09
6.44065e+08
1.12503e+09
2.06467e+09
9.28297e+08
2.68908e+08
1.7786e+09
4.55797e+08
2.24318e+07
1.04981e+09
2.01421e+09
1.65853e+09
1.60725e+09
1.55735e+09
1.51358e+09
1.55628e+09
2.05378e+08
6.11424e+08
1.09547e+09
6.30911e+07
3.80073e+08
1.39517e+09
1.6378e+09
5.04458e+06
5.91346e+08
1.14737e+09
1.54449e+09
2.08222e+09
8.41671e+08
1.09405e+09
1.88833e+09
8.54784e+07
1.73811e+09
8.65868e+08
2.66121e+06
5.18928e+08
1.13478e+09
1.78126e+09
9.74725e+08
1.15721e+09
6.83586e+08
8.41449e+08
6.68256e+08
1.43352e+08
2.51318e+08
3.43525e+07
1.69964e+09
4.56695e+08
6.45777e+08
6.47623e+08
5.19786e+08
1.02585e+09
2.04279e+09
1.01052e+07
1.03089e+09
4.86654e+08
1.15748e+09
4.27905e+08
4.21393e+08
1.99915e+09
1.52195e+09
1.62235e+08
2.08463e+09
1.11258e+09
1.0281e+09
2.08729e+09
1.63151e+09
1.5396e+07
1.72106e+09
4.58754e+08
1.1726e+09
2.57167e+08
1.3002e+09
1.84086e+09
4.0052e+08
1.55152e+09
1.87521e+09
2.10016e+09
2.00822e+09
3.73505e+08
6.00296e+08
3.80519e+08
1.39936e+09
4.95605e+08
3.90624e+08
2.82767e+08
9.82259e+08
1.5481e+09
7.10671e+08
1.40365e+09
1.39976e+09
8.51422e+07
1.56589e+09
1.3369e+09
1.19773e+09
4.46508e+08
1.27671e+09
6.81756e+08
4.61904e+08
8.50288e+08
1.14051e+09
1.63451e+09
1.10746e+09
2.93229e+08
1.32788e+09
1.50797e+09
1.84475e+09
1.05561e+09
1.46065e+09
1.70548e+09
1.42912e+09
2.06094e+09
2.086e+09
6.8099e+08
4.09065e+08
3.29141e+08
9.63757e+08
1.39132e+09
1.87724e+09
1.67443e+09
6.47493e+08
1.12952e+09
1.75957e+09
6.58969e+07
3.1894e+08
8.09814e+08
5.12405e+08
1.59565e+09
1.49157e+09
9.74309e+08
2.98451e+08
4.84597e+08
4.61333e+08
1.40591e+09
7.77826e+08
1.78922e+09
7.66397e+08
4.75093e+08
6.97347e+08
7.95613e+07
3.30911e+07
2.12647e+09
2.14051e+09
2.11909e+09
6.59972e+08
4.02087e+08
3.00749e+08
1.62373e+09
1.79341e+09
3.05055e+07
1.15067e+09
2.9342e+08
1.16002e+09
7.62761e+08
3.59317e+08
1.47896e+09
1.57258e+09
8.71721e+08
9.27128e+08
9.16662e+08
1.84603e+09
1.22558e+09
1.40126e+09
1.5988e+08
4.84002e+08
3.16017e+07
1.9491e+09
1.2504e+09
5.06694e+08
4.9896e+08
1.32996e+09
5.39786e+08
4.77942e+08
1.32298e+09
5.11394e+08
1.13791e+09
1.72507e+09
8.12143e+08
6.14159e+08
1.371e+09
8.42648e+08
1.76483e+09
1.66442e+09
2.00267e+09
3.80111e+08
2.02373e+09
1.33415e+09
1.95269e+09
7.4797e+08
1.13799e+08
7.21864e+08
4.46516e+08
1.33938e+09
2.12312e+09
6.06396e+08
1.82338e+09
7.24102e+06
4.08009e+08
9.26295e+08
5.13935e+08
9.06969e+08
1.08772e+08
1.05372e+09
1.38491e+09
1.43175e+09
1.56511e+09
3.75342e+08
1.00934e+09
2.29774e+08
9.89501e+08
2.32851e+08
1.07242e+09
6.06851e+08
1.89727e+09
9.27611e+08
9.86961e+08
1.77351e+09
1.14282e+08
7.92164e+08
3.74001e+08
2.2808e+08
1.51403e+09
8.20517e+08
1.56746e+09
1.48967e+09
1.42691e+09
1.24335e+09
1.49691e+09
1.83492e+09
2.21667e+07
2.01084e+09
5.94408e+08
1.30939e+08
9.17081e+08
1.97932e+09
1.56269e+09
3.34712e+08
2.07177e+08
4.24549e+08
5.64485e+08
1.19668e+09
6.57401e+08
1.63691e+09
1.80353e+09
4.07184e+08
4.17034e+08
6.43007e+08
3.32149e+07
5.31316e+08
1.43517e+09
4.07216e+08
7.59397e+08
8.01714e+08
1.22773e+09
1.79371e+08
1.43898e+08
5.07162e+08
1.42273e+09
1.64081e+09
1.946e+08
1.44489e+09
1.50417e+09
7.89008e+08
1.57583e+09
2.73763e+08
6.20844e+08
9.91042e+08
6.08475e+08
8.28021e+08
1.41559e+09
1.17296e+09
2.0247e+09
2.07299e+09
6.62383e+08
1.68074e+09
3.32692e+08
1.07942e+09
1.76267e+08
3.65907e+08
1.61073e+09
1.61144e+09
7.73123e+08
2.22647e+08
2.65668e+08
2.00085e+09
4.02018e+08
4.09566e+08
3.60533e+08
1.82474e+09
2.05037e+09
5.55133e+08
1.12215e+09
1.40705e+09
1.34414e+09
5.50502e+08
1.68082e+09
1.96499e+09
1.54154e+09
1.41807e+08
6.45522e+08
8.09651e+08
1.31477e+09
5.22738e+08
7.3516e+08
1.97715e+09
5.59983e+07
1.06785e+09
9.09084e+08
2.32265e+08
1.43376e+09
3.72335e+08
1.8437e+09
5.93977e+07
5.94981e+08
2.10937e+09
2.06025e+09
9.96999e+08
3.71453e+08
2.73302e+08
6.7426e+08
2.74341e+08
8.28435e+08
1.79641e+09
1.68139e+09
2.50928e+07
1.99432e+08
1.21473e+09
1.99008e+09
1.74098e+09
1.35653e+09
4.88117e+08
4.03143e+08
5.23817e+08
1.01085e+09
1.1383e+09
3.53484e+08
1.06685e+09
5.8671e+07
1.26257e+09
1.29912e+09
1.49243e+09
1.6349e+09
9.95338e+08
1.55183e+09
8.24006e+07
9.57225e+08
1.4646e+09
1.0794e+09
1.32868e+09
1.7379e+09
1.75366e+09
1.60302e+09
4.1885e+08
1.40259e+09
1.13693e+09
4.43943e+08
1.60202e+09
2.04173e+08
2.86537e+08
1.19551e+09
1.56071e+09
7.74654e+08
1.59866e+09
2.08452e+09
1.78551e+09
5.89476e+08
2.90524e+08
7.04878e+08
6.48147e+08
1.55309e+09
2.004e+09
2.14058e+09
1.04051e+09
8.5185e+08
1.54492e+09
1.12291e+09
1.80908e+09
8.62034e+08
5.4829e+07
9.9027e+08
4.52449e+08
1.80849e+09
4.45805e+08
8.71298e+08
1.0636e+09
1.58273e+09
1.31524e+09
5.18134e+08
1.78691e+09
1.60178e+09
1.71365e+09
1.20013e+09
2.28948e+08
1.16482e+09
1.13717e+09
2.01446e+09
1.7543e+09
1.4277e+09
5.71851e+08
2.54962e+08
8.33304e+08
4.28363e+08
2.48056e+08
1.87382e+09
1.28021e+09
1.79298e+09
8.49245e+08
9.41805e+08
5.07527e+08
9.04074e+08
1.93208e+09
9.59976e+08
5.6508e+08
2.30397e+08
1.83127e+09
1.62868e+09
1.81313e+09
9.99031e+08
2.14681e+09
1.45256e+09
4.53326e+08
1.71297e+09
5.05203e+08
6.82274e+08
7.30313e+08
1.64237e+09
5.49247e+08
3.37128e+08
9.22587e+08
1.1211e+09
5.9209e+08
1.75589e+09
1.54946e+09
8.40146e+08
1.48222e+09
6.8219e+08
4.85639e+08
1.83986e+08
1.624e+09
9.93167e+08
1.08806e+09
1.40859e+09
1.95314e+09
1.65314e+09
1.63898e+09
1.63693e+09
1.13433e+09
1.30463e+09
4.88481e+08
1.13366e+09
6.09705e+08
9.41806e+08
6.9915e+08
1.11491e+09
1.62408e+09
1.42946e+09
6.098e+08
2.58429e+07
1.76659e+09
1.53239e+09
1.14694e+09
2.11197e+08
1.14079e+09
5.48917e+08
1.05134e+09
4.75534e+08
1.23111e+09
1.53698e+09
6.59519e+08
7.07619e+08
3.82666e+08
1.74758e+09
2.11621e+09
1.88325e+08
1.25324e+09
1.60771e+09
1.82526e+09
2.40084e+08
7.64857e+08
1.66254e+08
1.37374e+09
1.37456e+09
1.10806e+09
2.07289e+09
3.41987e+08
5.84657e+08
1.35487e+09
9.51787e+08
6.105e+08
9.73978e+08
3.3669e+08
1.75744e+09
1.18518e+09
1.47748e+09
1.58873e+08
8.90357e+07
1.95302e+09
1.38998e+09
1.62602e+09
4.65054e+08
2.0976e+09
2.00868e+09
6.51492e+07
2.06632e+09
4.95254e+07
1.31838e+09
1.52655e+09
1.87478e+09
1.55847e+09
1.4392e+08
2.04104e+09
7.84728e+08
1.51848e+09
1.00161e+09
7.10136e+08
1.86047e+09
1.58627e+09
2.06501e+09
6.64772e+08
4.92862e+07
8.91502e+08
1.00146e+09
1.80673e+09
2.07668e+09
3.31462e+08
1.9656e+09
1.823e+07
1.36996e+08
1.20809e+09
1.64425e+09
6.0205e+08
1.15821e+09
1.50545e+09
6.67199e+08
1.07705e+09
1.55497e+09
1.98558e+09
4.56112e+08
1.28227e+09
1.39657e+09
6.00032e+08
1.17583e+09
3.38133e+07
2.11851e+09
2.99573e+07
7.4395e+08
1.8315e+09
1.61623e+09
6.61473e+08
3.48788e+08
1.66551e+09
1.55298e+09
1.35025e+09
1.32476e+09
1.48217e+09
1.68171e+09
1.14287e+09
1.5004e+09
1.81871e+09
2.03482e+08
9.97165e+08
2.73275e+08
1.36169e+09
3.55131e+08
9.40474e+08
2.91259e+08
1.91011e+09
7.78574e+08
7.47371e+08
1.0449e+09
2.766e+07
1.3474e+09
7.32401e+07
6.14733e+07
1.31843e+09
1.03197e+08
8.05423e+08
1.00245e+09
1.71942e+09
1.4669e+09
1.35124e+09
1.23746e+09
8.72388e+08
5.54003e+08
4.14727e+08
2.07075e+08
8.82314e+07
1.5576e+09
1.70747e+09
1.90694e+09
1.76108e+09
5.57156e+08
3.27316e+07
9.75289e+08
9.12287e+08
9.73206e+08
1.26655e+09
6.7491e+08
1.75178e+09
2.01392e+09
1.71981e+09
1.77944e+09
1.21384e+09
1.79305e+09
1.84091e+09
3.84787e+08
1.89624e+09
4.98853e+08
1.38724e+09
1.46818e+09
1.96575e+09
5.90989e+08
5.58156e+08
6.90654e+08
1.14499e+09
9.72883e+08
8.97729e+08
1.23322e+09
3.82998e+08
4.5772e+08
9.92679e+08
2.14408e+09
1.01488e+09
1.02541e+09
9.71883e+08
1.92716e+09
1.99862e+09
9.09473e+07
4.54589e+08
1.60291e+09
2.10487e+09
2.69113e+07
1.23487e+09
1.17122e+09
1.81996e+09
9.283e+08
1.55601e+09
1.56872e+09
1.42715e+09
7.9576e+08
8.89418e+08
1.24542e+09
1.38675e+09
1.44757e+09
1.93607e+09
3.84256e+08
2.72974e+08
6.86317e+08
1.61748e+09
6.55972e+08
1.14404e+09
4.62675e+08
6.52566e+08
1.14289e+07
1.48809e+09
1.62445e+09
1.93859e+09
1.33922e+09
1.7154e+09
2.45697e+08
7.94649e+08
1.67278e+09
2.72609e+08
2.02952e+09
6.96515e+08
2.09257e+09
8.10335e+08
1.05039e+08
1.5138e+09
9.0004e+07
9.00799e+08
2.55734e+08
1.33542e+09
1.40064e+08
1.70331e+09
1.12401e+09
5.2432e+08
1.97628e+09
1.81033e+09
2.1418e+09
4.8477e+08
8.06881e+08
4.5699e+08
1.13734e+09
8.1831e+08
1.94508e+09
6.14302e+08
6.09418e+08
1.13681e+09
1.82214e+08
8.55115e+08
1.93146e+09
1.85499e+09
1.12772e+09
1.81349e+09
4.04025e+08
1.07281e+09
4.76346e+08
5.09064e+08
4.39122e+08
5.6635e+08
1.40986e+09
6.94855e+08
1.90177e+09
1.54993e+09
2.50679e+08
8.783e+08
2.07425e+09
7.94777e+07
5.41144e+08
2.06856e+09
5.64248e+08
1.34802e+09
3.7807e+08
1.70158e+09
1.88503e+07
1.75662e+08
1.68401e+08
6.28268e+08
1.31247e+09
3.50616e+08
1.48338e+09
1.09645e+09
5.81251e+07
4.63624e+08
7.62461e+08
4.6215e+08
1.53643e+09
1.23881e+09
9.71214e+08
1.97555e+09
1.80516e+09
2.33593e+08
5.22923e+08
1.55945e+09
1.78352e+09
7.73602e+08
2.90262e+08
1.71028e+09
8.5308e+08
8.31406e+08
1.63136e+09
1.41733e+09
3.19465e+07
2.00943e+09
9.71427e+08
5.07968e+07
3.76112e+07
1.13983e+09
6.79065e+08
1.35008e+09
1.49044e+09
1.49649e+07
2.99051e+08
1.54857e+09
4.78588e+08
1.06151e+09
2.01072e+09
2.01502e+09
1.52835e+08
8.34449e+08
1.84309e+09
1.95799e+09
1.06804e+09
2.18525e+08
1.36996e+09
7.04079e+08
9.92127e+08
1.66022e+09
2.66879e+08
1.84521e+09
3.4414e+08
1.89824e+09
1.11505e+09
3.76086e+08
1.76019e+09
2.08648e+09
4.26883e+08
1.7978e+09
1.07882e+09
1.10595e+09
1.0004e+09
4.21784e+08
1.12091e+09
1.29945e+09
1.97035e+09
1.5995e+09
2.13482e+08
1.83359e+09
1.46704e+09
3.66317e+08
5.20555e+08
1.16264e+09
1.76826e+08
1.5886e+09
1.38116e+09
1.54678e+09
1.45193e+08
2.25806e+08
1.05952e+09
4.12072e+08
2.07101e+09
1.40365e+09
1.6283e+08
1.03858e+09
1.77974e+09
1.92302e+09
9.77575e+08
5.91401e+07
1.57334e+09
2.0564e+09
1.16509e+09
4.26258e+08
3.30699e+08
1.38517e+08
1.72571e+09
1.53569e+08
1.73802e+09
1.93919e+09
1.98716e+09
1.05757e+09
1.58028e+08
3.60231e+08
7.27242e+07
3.34854e+08
1.94883e+09
1.45389e+09
1.88164e+09
2.09402e+09
1.67969e+09
7.93667e+08
3.5861e+08
1.60322e+09
4.98387e+07
5.21439e+08
4.94318e+08
1.82958e+09
2.96976e+08
1.47189e+09
1.88872e+09
1.87031e+09
1.38081e+09
9.06324e+08
1.49089e+08
1.71151e+09
1.04484e+09
1.8748e+09
1.86508e+09
6.35375e+08
1.66651e+09
1.70475e+09
1.69295e+09
1.82454e+09
2.06498e+09
1.76567e+09
1.19107e+07
1.86633e+09
1.07207e+09
1.89355e+09
1.81287e+09
6.04282e+08
5.3973e+08
2.39916e+07
6.00195e+07
5.89569e+08
5.45431e+08
5.54338e+08
2.71665e+08
8.42407e+08
2.02623e+09
1.29008e+07
5.65238e+08
1.25955e+09
9.19225e+08
7.14327e+08
8.23577e+08
1.96407e+09
4.41645e+08
5.41169e+08
4.51958e+08
2.10816e+09
9.84371e+07
2.1449e+09
1.78521e+09
1.59359e+07
1.76309e+09
1.79712e+09
1.88226e+09
6.87679e+08
1.54319e+09
1.54765e+09
1.29196e+09
2.08292e+09
1.57164e+09
1.35198e+09
5.25003e+08
2.11707e+09
1.90632e+09
7.96667e+08
8.11991e+08
1.78506e+09
8.09568e+08
1.37723e+09
8.97135e+08
1.72879e+09
2.09156e+09
1.72071e+09
1.54538e+09
3.85717e+08
1.14397e+08
1.99733e+09
3.46391e+08
2.12834e+08
1.99475e+09
2.1316e+09
2.2877e+08
1.61036e+09
1.78124e+09
2.11103e+09
1.50554e+08
1.17695e+09
1.5112e+09
1.44251e+09
1.11238e+09
9.3535e+08
6.4701e+08
1.63738e+09
9.04934e+08
4.05844e+08
2.86568e+08
1.71693e+09
4.34245e+07
1.09614e+09
9.4667e+08
9.40559e+08
6.77446e+08
8.90742e+08
5.13787e+08
7.53374e+07
1.27646e+09
6.28184e+08
2.07267e+09
1.62285e+09
8.41018e+08
1.91994e+09
1.60697e+09
1.06979e+09
1.38281e+09
1.24073e+09
1.03334e+09
1.53337e+09
2.70197e+08
3.9705e+08
8.28398e+08
1.38258e+09
1.3324e+09
1.47541e+09
8.7248e+08
8.98503e+07
1.88125e+09
1.15905e+09
1.80678e+09
1.92468e+09
1.07701e+08
6.05962e+08
7.17752e+08
7.85147e+08
1.4967e+09
1.23154e+09
8.60484e+08
6.2568e+08
1.85972e+09
7.85671e+08
1.01046e+08
5.53257e+08
5.58126e+08
1.70802e+09
1.62305e+09
1.94094e+09
8.01266e+08
5.089e+08
1.32682e+09
1.07146e+09
9.05951e+08
7.73683e+06
3.06557e+08
9.08671e+07
1.48314e+09
1.17904e+09
1.80717e+08
1.21691e+09
1.90601e+08
1.98749e+09
9.94105e+08
2.98302e+08
4.45971e+08
1.71186e+09
1.08345e+09
1.94268e+09
7.95912e+08
1.94393e+09
4.20871e+08
5.08152e+08
5.82119e+08
5.21918e+08
1.06141e+09
1.14025e+09
8.24516e+07
5.36971e+08
9.33701e+08
8.83717e+08
1.04587e+09
1.1304e+08
1.95518e+09
1.95182e+09
1.20777e+08
1.14254e+08
2.04269e+09
1.60392e+09
1.29329e+09
7.59225e+07
6.73351e+08
1.48389e+09
2.06342e+09
1.66746e+09
1.78219e+09
3.61902e+08
1.23183e+09
7.18159e+08
1.57094e+08
2.02774e+09
5.14608e+08
5.77965e+08
3.8841e+08
1.09673e+09
1.09988e+09
1.44982e+09
8.94887e+07
1.18233e+09
1.98679e+09
1.02319e+09
2.06605e+09
8.85177e+08
1.13623e+09
1.87375e+09
6.89515e+08
1.25701e+09
1.988e+09
5.8472e+08
7.13446e+08
1.13381e+09
6.60643e+08
1.3868e+09
4.70217e+08
5.76574e+08
9.06769e+08
1.04927e+08
9.38477e+08
2.1386e+09
8.23086e+08
1.09557e+09
2.01886e+09
1.33769e+09
1.67354e+09
2.59785e+08
2.86937e+08
6.25936e+08
1.7096e+09
3.76426e+08
1.80827e+09
1.54891e+09
1.39962e+09
1.72684e+09
2.86604e+08
3.88362e+08
1.4531e+09
9.76119e+08
1.64537e+09
1.29362e+09
1.56084e+09
2.11331e+08
2.79947e+08
7.39987e+07
1.59813e+09
7.50164e+08
6.50573e+08
3.57413e+08
8.55091e+08
1.58905e+09
3.48529e+08
1.67818e+09
5.37137e+08
2.19904e+08
8.68387e+08
6.31896e+07
4.79688e+08
1.15532e+09
6.89126e+08
4.18088e+07
1.53175e+09
3.49913e+08
1.59072e+09
7.83881e+08
2.07675e+09
1.87732e+09
1.17224e+09
1.38237e+09
7.05959e+08
6.70128e+08
5.28511e+08
1.19315e+08
8.8146e+08
8.08458e+08
1.93313e+08
3.32104e+08
1.55862e+09
8.43886e+08
6.89517e+08
2.66229e+08
2.85453e+08
1.03805e+09
1.94441e+09
8.2259e+08
1.25795e+09
6.65309e+08
8.85779e+08
1.73764e+09
1.82063e+09
1.5749e+09
1.77945e+09
1.2049e+09
1.92482e+09
1.22268e+09
1.98878e+09
1.85409e+09
9.52522e+08
1.01354e+09
1.08897e+09
1.65848e+09
1.68367e+09
1.61748e+09
1.7778e+09
4.17643e+08
2.78459e+08
1.97111e+09
7.49747e+08
1.83708e+09
6.67512e+08
1.43926e+09
2.10331e+09
9.52964e+08
3.29827e+08
1.90023e+09
1.77555e+09
1.58778e+09
4.18057e+08
5.1385e+08
1.17793e+09
9.12066e+07
2.08875e+09
8.09896e+08
1.29611e+09
1.86609e+09
2.03258e+09
1.1374e+09
1.57269e+09
8.37617e+08
3.45575e+06
5.14181e+08
3.48614e+08
1.68712e+09
2.13167e+09
2.12641e+09
2.10477e+09
2.62641e+08
1.95004e+09
7.07029e+08
2.09972e+09
4.70063e+08
2.14629e+09
2.05555e+09
1.42303e+09
3.28637e+08
1.8083e+09
1.0511e+09
1.91641e+09
7.88699e+07
1.56495e+09
9.46862e+08
1.70076e+08
1.50622e+09
1.75676e+09
1.46618e+09
1.22482e+09
1.64185e+09
4.56099e+08
6.50032e+08
3.31986e+08
4.59554e+08
1.16421e+09
6.806e+08
2.14668e+09
1.1484e+09
6.59527e+08
2.10396e+09
1.41104e+09
4.62078e+08
6.63505e+08
1.36328e+09
9.32141e+08
6.62315e+08
1.27134e+09
2.07685e+08
9.90952e+08
9.32152e+08
1.25878e+09
7.59883e+08
1.01102e+09
6.76248e+08
1.70675e+09
1.1811e+09
3.49839e+07
1.31602e+09
4.99796e+08
1.25981e+09
8.10388e+08
9.55895e+08
1.90984e+09
1.14237e+09
1.41545e+09
9.26569e+08
1.82297e+09
1.41464e+09
2.07497e+09
3.35017e+08
1.37112e+09
1.33852e+09
7.97095e+08
2.03462e+09
5.54311e+08
1.72924e+09
5.49456e+08
1.82565e+09
1.93692e+09
1.54041e+09
6.10319e+08
1.04822e+09
1.52807e+08
1.62134e+09
1.72447e+09
1.85955e+09
6.54955e+08
1.75945e+09
1.02809e+09
1.15475e+09
8.71779e+08
1.83848e+09
2.11065e+09
6.34135e+08
8.33367e+08
1.37861e+09
1.5607e+09
5.08857e+08
6.45772e+08
1.48819e+09
8.43875e+08
2.01689e+09
6.79222e+08
1.64097e+09
1.90403e+09
1.23353e+09
1.22272e+09
3.06003e+08
9.11699e+08
1.01216e+09
1.84641e+09
1.52202e+09
2.06038e+09
1.99922e+09
9.95874e+08
1.63737e+09
1.71129e+09
1.65083e+09
1.24934e+09
5.91891e+08
6.58097e+08
2.12112e+09
2.82883e+08
6.2126e+08
6.07772e+08
1.11625e+09
1.99987e+09
2.09929e+07
1.62511e+09
4.9816e+08
1.50918e+09
3.21498e+08
3.67567e+08
4.09174e+07
1.96247e+09
1.24115e+08
1.27445e+09
1.03771e+09
4.30118e+08
3.86649e+07
2.04987e+09
1.29045e+08
1.56068e+09
1.96277e+09
2.12826e+09
4.09073e+08
1.45266e+09
1.69207e+09
2.0599e+09
5.54514e+08
1.36473e+08
5.70516e+08
5.2815e+08
4.19356e+08
1.19178e+09
1.13592e+09
1.53561e+09
1.04416e+09
1.15691e+09
1.01323e+09
1.54232e+09
5.18611e+08
1.33473e+09
1.90989e+09
5.59528e+08
1.14971e+09
2.03401e+09
1.83398e+09
3.99347e+07
3.16641e+08
1.87264e+09
2.0898e+09
4.45686e+08
1.28584e+09
1.90509e+09
4.26466e+08
1.69491e+09
1.21026e+09
2.11853e+09
1.60733e+09
1.76478e+09
1.07522e+08
3.03657e+07
1.45442e+08
5.26879e+08
1.22214e+09
1.28136e+09
2.06248e+09
1.18823e+08
2.90795e+08
9.2823e+08
1.66115e+09
8.09405e+08
1.15473e+08
1.42356e+09
1.36893e+09
1.26518e+09
1.31008e+09
1.05543e+09
1.30512e+09
1.62672e+09
7.80586e+08
1.24744e+09
2.0724e+09
2.06643e+09
1.00504e+09
3.51387e+08
1.61386e+09
6.78229e+07
3.22436e+08
1.07371e+09
1.8326e+09
4.29959e+08
1.10407e+09
1.97804e+09
9.56838e+08
1.78731e+08
1.11192e+09
8.71839e+08
2.97554e+08
1.40271e+09
1.80007e+09
1.9587e+09
6.46366e+07
1.91554e+09
1.23477e+09
1.43357e+09
1.03324e+09
3.97367e+08
3.41513e+08
1.90879e+08
2.02409e+09
1.1221e+09
1.43832e+09
1.94901e+09
1.04104e+09
2.95879e+08
1.5291e+08
5.07417e+08
3.63702e+08
4.75346e+08
1.58112e+09
4.88167e+07
9.05305e+08
5.37714e+08
2.02686e+09
1.86214e+09
7.16446e+08
9.91293e+08
5.86498e+08
1.014e+09
2.46524e+08
2.39083e+08
8.25217e+08
3.11161e+08
7.14179e+06
2.05999e+09
1.74473e+09
1.04038e+09
3.09872e+08
2.08624e+09
1.23126e+09
1.86474e+08
1.06086e+09
5.22098e+08
2.13548e+09
2.1019e+09
8.17977e+08
1.40908e+08
4.61836e+08
1.18168e+09
6.16254e+08
2.04296e+09
1.2305e+09
1.52156e+09
4.33192e+08
1.10987e+09
1.23622e+09
1.14964e+09
2.10116e+09
1.82272e+09
1.61529e+07
2.00203e+08
2.0618e+09
8.4137e+08
5.11364e+08
2.06894e+09
7.53875e+08
1.08611e+08
9.61842e+08
1.06375e+09
4.73718e+07
4.56225e+07
1.25022e+09
1.10823e+09
5.6772e+08
1.23822e+09
1.06265e+09
1.3857e+09
1.37913e+09
1.52449e+09
4.19893e+08
1.99538e+09
1.41996e+09
1.65039e+09
1.36946e+09
1.85316e+09
6.12774e+08
4.58191e+08
8.5531e+08
5.66453e+08
1.33424e+08
8.71463e+08
7.66656e+08
4.77396e+07
1.71283e+09
1.27802e+09
2.11668e+09
3.19224e+08
1.38663e+09
9.3104e+08
1.38297e+09
1.434e+09
9.76662e+08
4.8571e+08
3.94751e+08
1.54438e+09
1.72393e+09
1.4574e+09
7.82596e+08
9.55572e+08
8.34406e+08
1.20249e+09
8.03469e+08
1.06887e+08
7.05395e+08
2.54421e+07
1.96004e+09
1.31817e+09
4.83633e+08
6.67869e+08
1.88462e+09
6.17057e+08
1.53933e+09
5.03795e+08
6.64797e+08
1.10468e+09
1.78181e+09
6.33994e+08
1.4239e+09
1.02096e+09
1.56503e+09
6.59393e+08
3.07481e+08
3.94212e+08
1.1451e+09
7.02232e+08
1.93859e+09
7.21548e+08
1.21503e+07
5.73707e+08
1.67712e+09
8.46556e+08
1.7762e+09
3.33106e+08
9.53443e+08
3.34108e+08
3.58548e+08
7.66002e+08
1.65228e+09
8.42181e+08
1.43387e+09
1.38942e+09
1.45924e+09
8.2572e+08
1.89321e+09
2.12403e+09
1.9304e+09
1.52754e+09
6.10545e+08
1.20682e+09
4.01019e+08
2.80942e+07
1.86622e+09
7.08501e+08
4.22306e+08
8.63834e+08
1.41073e+09
2.13416e+08
1.58538e+09
1.42288e+09
7.87123e+08
1.11502e+09
1.21955e+08
4.15836e+08
1.44812e+09
1.0754e+09
7.49943e+08
1.80667e+09
1.8414e+09
2.54736e+08
5.01368e+08
1.12779e+09
1.64415e+09
1.96061e+09
1.95351e+09
1.38988e+09
1.93716e+09
1.73643e+09
7.69936e+08
4.00218e+08
7.95764e+08
1.17096e+09
4.28312e+08
5.14495e+08
1.87946e+09
8.50618e+08
1.37833e+09
1.14271e+09
1.06403e+09
8.16227e+08
4.18104e+08
1.85116e+09
1.93125e+09
5.4006e+08
1.19509e+08
1.23188e+09
1.61546e+09
8.69452e+08
8.91072e+08
1.30937e+09
1.12419e+09
1.39244e+09
2.89677e+08
6.20857e+08
1.20556e+09
9.57016e+07
2.01074e+09
9.95237e+08
1.83213e+09
6.33188e+08
1.39545e+09
4.80407e+08
1.80414e+09
1.82377e+09
9.94903e+08
1.53612e+09
5.26902e+08
2.25748e+08
5.31338e+08
1.59094e+09
1.04198e+09
9.49442e+08
1.29461e+09
8.25737e+08
1.4895e+09
1.41412e+09
2.05762e+09
9.57476e+08
1.36088e+08
8.0121e+08
1.19366e+08
1.26028e+09
4.6167e+07
4.09043e+08
1.88113e+09
1.25173e+09
5.04745e+08
1.74439e+09
9.94832e+07
1.89388e+08
2.3009e+08
1.49494e+09
6.69795e+08
2.03423e+09
1.17122e+09
1.6647e+09
1.42287e+09
1.69812e+09
1.89045e+09
1.9542e+09
1.14158e+09
7.84938e+08
7.56163e+08
2.88702e+08
1.61067e+09
9.81811e+07
1.70282e+09
1.52081e+09
1.05566e+09
1.83891e+09
1.74539e+08
1.17502e+09
9.51701e+08
2.20706e+08
1.58407e+09
6.85351e+08
1.47244e+09
2.08881e+09
2.82253e+08
1.57192e+09
1.30715e+08
5.12343e+08
9.19374e+08
8.0051e+08
3.99093e+08
2.0906e+09
3.17724e+08
1.82196e+09
1.64124e+09
6.06863e+07
1.62868e+09
6.35328e+08
8.45624e+08
2.37359e+08
9.2403e+08
3.08815e+08
3.3554e+08
4.79367e+08
1.82963e+09
1.3912e+09
1.70792e+08
2.00417e+09
4.18735e+08
1.12249e+09
7.73904e+07
2.0028e+09
1.80784e+09
1.54983e+09
1.94413e+09
2.0901e+09
9.74263e+08
2.07484e+09
4.54956e+08
1.89364e+09
7.27868e+08
8.54048e+08
1.83675e+09
1.04559e+09
5.28524e+08
1.3305e+09
1.10628e+09
9.71982e+06
1.96583e+09
1.9519e+09
2.47078e+08
7.42375e+08
1.13234e+08
5.82618e+08
1.22174e+09
1.94286e+09
1.97381e+09
1.39253e+09
1.79955e+09
2.45066e+08
3.67543e+08
1.87694e+09
1.00383e+08
2.79028e+07
1.27928e+09
2.04451e+09
2.118e+09
1.06059e+08
1.97187e+09
4.25472e+08
1.9997e+09
5.52254e+08
1.27952e+09
1.68896e+09
1.59785e+09
1.80804e+09
8.71981e+08
5.5664e+08
1.81776e+09
6.90327e+08
3.61058e+08
2.06484e+09
1.4327e+09
4.74292e+08
4.99977e+08
5.0696e+08
2.69671e+08
3.26308e+08
1.89949e+09
2.06922e+09
5.71374e+08
1.19552e+08
1.79867e+09
6.71757e+08
1.47455e+08
9.30466e+08
5.68785e+08
1.17971e+08
1.03653e+09
3.9317e+08
5.43443e+08
8.88738e+08
9.45424e+08
1.82296e+09
4.30218e+08
3.95785e+08
1.48352e+09
1.3022e+09
9.52425e+08
1.1538e+09
1.99253e+09
1.31348e+09
1.07116e+09
1.27774e+09
1.78777e+09
1.57114e+09
1.7847e+09
2.05745e+09
1.89745e+09
1.53671e+09
1.97918e+09
3.21336e+08
1.65627e+09
1.63036e+09
9.93093e+08
1.80372e+09
4.13347e+08
1.56188e+09
1.92169e+09
1.44987e+09
1.95505e+09
3.17651e+08
1.91127e+08
7.52988e+08
2.14061e+09
6.21345e+08
1.14877e+09
1.47665e+09
1.92354e+09
2.1012e+09
4.82972e+08
1.76858e+09
1.2672e+09
1.55413e+09
8.98844e+08
9.07489e+08
9.77788e+08
5.36064e+08
8.17451e+08
7.2775e+08
2.07278e+09
6.49146e+08
1.04909e+09
1.58156e+09
1.32027e+08
2.04218e+09
1.2378e+09
5.45374e+08
1.45657e+09
1.012e+09
1.99525e+09
1.26414e+09
1.32965e+09
3.88905e+07
2.01713e+09
1.32278e+09
6.60235e+08
1.01842e+09
6.51952e+08
4.36295e+08
9.72131e+08
1.13492e+09
5.73965e+07
9.18452e+07
5.41573e+08
9.56241e+08
9.99334e+08
1.51936e+09
1.4923e+09
1.81679e+09
9.9627e+07
1.4176e+09
3.18448e+08
1.14871e+09
8.51673e+08
4.50475e+08
1.04341e+09
2.08947e+09
9.95849e+08
3.52499e+08
9.53988e+08
8.43613e+08
1.61664e+09
1.36158e+08
8.82503e+08
1.48628e+09
1.45894e+09
1.54274e+09
3.57213e+08
2.11089e+09
1.97903e+09
1.32934e+09
1.09833e+09
2.03643e+09
1.42119e+09
1.63991e+09
8.45187e+08
2.7304e+08
1.01178e+09
1.90009e+08
2.08983e+09
1.11141e+09
1.60761e+09
2.60789e+08
1.1264e+08
3.11796e+08
7.11264e+08
1.15605e+09
2.5378e+08
1.70711e+09
1.50855e+09
1.20777e+09
4.03242e+08
9.77701e+08
1.34393e+09
1.28575e+09
3.16498e+08
6.55384e+08
6.81e+08
6.73711e+08
6.18794e+08
5.1255e+08
2.00305e+09
1.71713e+09
4.01497e+08
1.27676e+09
1.20955e+09
1.24668e+09
1.5498e+09
7.38509e+07
1.43669e+09
1.49214e+09
1.18526e+09
8.96816e+08
1.75293e+09
1.2979e+09
1.20861e+09
3.16711e+08
3.06468e+08
1.46239e+09
2.02382e+09
1.81502e+09
5.22675e+08
2.79582e+08
6.45233e+08
1.8666e+09
1.56533e+09
9.61731e+08
3.74502e+08
9.8844e+07
1.63544e+09
9.93295e+08
6.11394e+08
1.49101e+09
5.62939e+08
1.01289e+09
6.20289e+08
1.77249e+09
1.12091e+08
2.26059e+07
1.84634e+09
1.54878e+09
1.51475e+09
8.84119e+08
2.98116e+08
1.12019e+09
3.45373e+07
1.50673e+09
1.43691e+09
3.41005e+08
8.21635e+08
1.31325e+09
8.53699e+06
1.34431e+09
1.59283e+09
6.5377e+08
1.06343e+09
1.01067e+09
1.6155e+09
1.43793e+09
1.10952e+09
1.10346e+09
2.83741e+08
1.72091e+09
4.46987e+08
8.4668e+08
5.86317e+08
1.06728e+09
4.71686e+08
6.98408e+08
1.08988e+09
1.70543e+08
9.97088e+07
4.57146e+08
1.05466e+09
3.97825e+08
1.57734e+09
1.0892e+09
1.90455e+09
8.66762e+08
1.4302e+09
5.78703e+08
3.25238e+07
1.43874e+09
1.92301e+09
1.62535e+09
2.09251e+09
8.38958e+08
4.88539e+08
1.56053e+09
1.29405e+08
1.59805e+09
5.16503e+08
4.13146e+08
1.17148e+09
9.6349e+08
1.25983e+09
1.7578e+09
2.03077e+09
1.73151e+09
3.08722e+08
9.73166e+08
1.90206e+09
4.08431e+08
1.43031e+09
8.09233e+08
8.06256e+08
8.60169e+08
1.89843e+09
5.63324e+08
1.72693e+09
1.18115e+09
1.14203e+09
1.75945e+09
4.72409e+08
9.17558e+08
1.23732e+09
4.17436e+08
1.75652e+09
1.72586e+09
1.97796e+09
1.88592e+09
1.17643e+09
3.46983e+08
1.51583e+08
2.0043e+08
1.31047e+09
1.41141e+09
1.95823e+09
1.19376e+09
9.95438e+08
1.19465e+08
1.94391e+07
7.5001e+08
5.27896e+08
1.44975e+09
1.55924e+09
1.33415e+09
1.62437e+08
1.31019e+09
1.89748e+09
1.88937e+09
3.43858e+08
8.9202e+08
1.50134e+09
8.16267e+08
1.80958e+09
5.91178e+08
1.2337e+09
1.41861e+09
1.69556e+08
1.06418e+09
1.15705e+09
1.34599e+09
1.41117e+09
1.30863e+09
1.54642e+09
5.74156e+08
5.72558e+08
1.35716e+09
1.76791e+09
1.568e+09
1.47663e+09
1.78735e+09
1.70522e+08
2.00452e+09
1.08962e+09
1.72976e+09
1.19119e+09
1.25206e+09
8.92472e+08
9.41185e+08
9.93941e+08
1.23633e+09
1.83321e+09
3.47796e+08
2.0526e+09
1.4953e+09
9.38974e+08
1.13882e+09
7.66428e+08
1.10853e+09
5.55151e+07
1.92348e+09
3.07036e+08
1.46668e+09
1.08462e+09
1.85346e+09
2.04084e+09
1.65718e+09
1.06313e+09
1.66127e+09
1.07769e+09
3.92278e+08
1.30114e+09
1.24822e+09
2.49318e+08
2.43271e+08
8.30497e+08
1.44051e+09
1.49533e+09
1.72297e+09
2.34211e+08
3.41785e+08
8.11815e+08
2.06742e+09
6.89581e+08
7.16929e+08
1.41523e+09
1.62856e+09
1.85574e+09
3.41764e+07
5.89602e+08
1.91126e+09
1.95765e+09
8.96639e+08
1.23046e+09
8.94793e+08
6.0261e+08
1.12381e+09
4.04491e+08
1.66574e+09
6.37594e+08
1.48218e+09
2.05802e+09
1.93873e+09
5.82918e+08
1.59856e+08
3.45166e+07
1.41342e+09
1.60037e+09
1.52984e+09
9.889e+08
1.83458e+09
1.87163e+09
1.80072e+09
1.75451e+09
4.13726e+08
3.70161e+08
1.02226e+09
2.04228e+09
7.84217e+07
1.05643e+09
4.844e+08
1.98968e+09
8.66603e+08
1.38104e+09
1.07265e+09
1.7614e+09
1.98365e+09
4.89815e+07
1.84033e+07
1.50191e+09
6.86575e+08
1.50059e+09
1.41245e+09
4.7782e+08
2.08351e+09
1.5723e+09
5.12337e+08
1.34944e+09
1.02519e+09
2.04218e+09
1.90854e+08
7.12279e+08
1.76633e+09
1.99157e+09
3.19304e+08
3.25688e+07
2.14247e+08
1.34156e+09
2.07485e+09
2.92669e+08
2.50513e+08
4.11766e+08
1.34866e+08
1.11712e+09
1.7928e+09
1.20752e+09
7.31029e+08
1.62897e+09
1.2565e+09
7.49432e+08
9.83396e+08
1.94308e+09
1.02537e+08
2.48359e+08
2.73414e+08
3.8559e+07
1.82066e+09
7.85751e+08
1.388e+09
6.98365e+08
6.80449e+08
1.57885e+09
1.41064e+09
2.99292e+08
1.42294e+09
1.72995e+09
3.3186e+08
1.63718e+09
9.24027e+08
2.59227e+08
1.92985e+09
1.17454e+09
6.70993e+08
2.06472e+09
1.44173e+08
3.16314e+08
1.12476e+09
8.75202e+08
1.94528e+09
2.33774e+08
1.62463e+09
7.81196e+08
2.93678e+07
1.72717e+09
1.02956e+09
3.02782e+08
1.76573e+09
7.02734e+08
1.08853e+09
1.00624e+09
1.4011e+09
1.76898e+09
4.37609e+08
6.64259e+08
2.06827e+09
1.86055e+09
2.46723e+08
2.5265e+08
1.35025e+09
1.17075e+09
5.11877e+08
1.13261e+09
1.97806e+08
1.18287e+09
1.04985e+09
3.41979e+08
1.49918e+09
2.71197e+07
1.21718e+09
1.29698e+09
2.60894e+08
6.94332e+08
2.07818e+09
2.90261e+08
2.7402e+08
9.6025e+08
5.93043e+08
2.03975e+09
1.66298e+09
1.68158e+09
8.98509e+08
9.166e+08
1.30307e+09
1.33612e+09
1.58086e+09
1.22386e+09
1.04918e+09
1.82758e+09
1.47651e+09
2.51942e+08
8.50848e+08
1.98839e+09
1.38456e+09
1.04865e+09
1.02378e+09
2.8692e+08
1.39063e+09
3.75477e+08
3.14039e+08
4.6033e+08
1.67246e+09
5.74933e+08
1.15466e+09
1.60316e+09
8.65195e+08
1.42868e+09
4.15922e+08
1.45824e+09
1.32095e+09
2.07891e+09
9.92331e+08
7.19737e+07
8.48024e+08
1.47922e+08
1.40809e+09
2.81399e+08
1.37179e+09
3.09789e+08
2.10898e+09
7.00817e+08
5.6173e+08
8.12346e+08
5.41724e+08
1.94629e+09
1.861e+09
1.5655e+09
8.57218e+07
1.10415e+09
1.94098e+09
3.99761e+08
1.56448e+09
1.46595e+09
9.74694e+08
5.71658e+08
9.21626e+08
1.83989e+09
2.00034e+09
1.33755e+09
1.15064e+09
1.1738e+09
1.26897e+09
2.14297e+09
1.24578e+09
2.117e+09
1.43412e+08
5.06387e+08
2.50911e+08
1.5152e+09
8.16176e+08
2.12409e+08
6.85314e+07
1.37791e+09
1.02475e+09
6.10256e+08
1.17671e+09
7.3827e+08
2.8273e+07
1.26243e+09
1.84242e+09
1.96925e+09
1.66219e+09
1.25942e+09
1.28772e+09
4.89402e+08
1.83107e+09
6.1864e+07
1.81807e+08
1.68393e+09
1.39941e+09
1.33245e+09
7.10251e+08
5.20901e+08
1.32794e+09
1.95603e+09
4.90413e+08
1.47135e+09
3.14933e+08
7.41324e+08
8.39068e+08
1.13111e+09
9.53733e+08
9.07599e+08
3.61531e+08
1.97849e+09
1.51785e+09
1.53824e+09
5.69274e+08
1.54613e+09
6.53186e+08
2.6421e+08
1.3679e+09
1.67894e+08
1.52363e+09
5.08133e+08
6.57295e+08
1.20722e+09
5.69997e+08
8.39103e+08
7.43662e+08
1.96941e+09
2.40695e+07
1.45391e+09
3.42827e+08
1.35201e+09
1.26246e+09
8.33241e+08
6.7588e+08
1.57739e+09
1.57456e+09
1.51495e+09
5.61018e+08
3.80814e+08
2.75064e+08
9.2255e+08
2.11818e+08
1.79292e+09
3.13306e+08
7.81092e+08
1.19156e+09
9.66492e+08
1.0453e+09
4.11975e+08
1.13439e+09
4.21444e+08
9.20108e+08
1.79168e+09
1.62866e+09
1.49011e+09
4.833e+08
2.24838e+08
1.31203e+09
5.0737e+08
1.67875e+09
1.65486e+09
1.85938e+09
7.93728e+08
3.40616e+08
3.87777e+08
2.23637e+08
1.91518e+09
1.90272e+09
7.84656e+08
1.48511e+08
3.03052e+07
1.70721e+09
3.60329e+08
1.82322e+09
2.02051e+09
1.14142e+09
8.67304e+08
8.3952e+08
3.92402e+07
1.27928e+09
1.97391e+09
4.60684e+08
5.19036e+07
1.6181e+09
2.08934e+09
1.54201e+09
2.1014e+09
1.66698e+08
7.06557e+08
4.61288e+08
1.84545e+09
2.13932e+08
1.73185e+08
4.91694e+08
5.54547e+08
5.60962e+08
7.15331e+08
3.22244e+08
3.16203e+08
1.49999e+09
4.70755e+08
3.46508e+08
1.05971e+09
8.31085e+08
2.22485e+07
9.32737e+08
1.97251e+09
8.89553e+08
1.77226e+09
2.01175e+09
2.13481e+07
1.59868e+09
3.24947e+08
7.32517e+07
1.0693e+09
2.66807e+08
1.61526e+09
1.02322e+09
4.33505e+08
1.74334e+08
1.4845e+09
1.31471e+08
3.88266e+08
1.65769e+09
6.23165e+08
9.42813e+08
7.11676e+07
1.3385e+09
1.26506e+09
3.8737e+08
6.90999e+08
1.73581e+09
7.33878e+08
1.75071e+09
4.19414e+08
7.56127e+08
5.35962e+08
2.44437e+08
1.64568e+09
1.60736e+08
1.087e+08
1.66703e+09
1.75941e+09
4.33647e+08
1.74028e+09
6.81228e+08
7.00454e+08
1.20806e+09
1.70444e+09
1.13396e+09
1.38239e+09
1.04147e+09
1.26543e+09
1.77066e+09
5.51672e+08
1.88859e+09
5.65985e+08
6.2284e+08
1.07961e+09
1.83104e+09
1.01021e+09
1.77061e+09
1.41937e+09
1.74409e+09
1.37383e+09
1.83879e+09
3.52731e+08
1.90979e+09
2.08322e+09
1.99841e+09
2.07053e+09
4.4438e+07
1.51795e+09
1.68246e+09
4.78085e+08
1.11075e+09
2.16204e+08
1.17854e+09
1.71323e+08
1.92065e+09
1.65015e+08
1.55371e+09
8.14631e+08
1.43045e+09
1.17688e+09
1.3663e+09
1.17156e+09
1.74287e+09
1.98914e+09
1.0368e+08
1.42643e+09
8.51869e+08
1.87429e+09
6.98315e+08
4.48473e+08
1.10063e+09
3.89617e+08
8.01205e+08
8.62943e+08
3.25355e+08
6.52132e+08
7.85989e+08
3.69793e+08
2.26029e+07
3.20965e+08
8.47878e+08
1.13335e+09
5.37169e+08
2.02642e+09
1.30468e+09
3.10334e+08
4.39487e+07
7.10905e+08
1.12496e+09
1.47439e+09
1.88779e+09
3.43783e+08
4.98466e+08
1.48317e+09
1.85442e+08
6.02146e+08
7.62119e+08
1.03731e+09
3.28948e+08
1.46043e+09
1.48578e+09
1.42958e+09
1.85005e+09
1.39505e+08
1.45041e+08
2.79222e+07
7.91637e+08
9.3103e+08
3.97715e+08
8.1424e+08
1.25199e+09
1.24559e+09
1.94759e+09
1.78916e+09
1.12453e+09
1.10478e+09
2.0995e+09
1.16848e+09
1.81569e+09
1.07698e+09
4.95386e+08
1.556e+09
1.42076e+09
9.93852e+08
8.91686e+08
1.6062e+09
1.596e+09
1.6538e+09
4.96031e+08
1.92495e+09
9.66755e+08
1.98181e+09
1.20705e+09
6.69322e+08
2.12132e+09
1.35209e+09
6.97244e+08
7.65473e+08
1.35633e+08
1.09496e+09
1.57971e+09
1.38763e+09
1.93069e+08
1.37982e+09
1.02931e+09
1.3176e+09
3.37123e+08
9.81321e+08
3.38589e+08
5.32934e+06
2.0583e+09
8.33975e+08
1.56132e+09
1.33158e+09
1.82783e+09
3.05527e+08
7.90296e+08
1.27634e+09
1.95933e+09
1.28633e+09
1.05381e+09
7.78603e+08
1.12066e+09
1.13367e+08
1.44793e+09
1.09449e+09
1.46545e+09
2.14517e+09
1.85997e+09
1.60109e+09
1.09265e+09
1.2922e+09
8.4123e+08
1.28572e+09
5.24535e+08
1.87054e+09
4.55828e+08
8.61658e+08
7.04375e+08
7.94416e+08
8.66987e+08
6.1519e+08
1.62839e+09
2.80828e+08
1.94677e+09
1.30873e+09
5.86355e+08
5.89579e+08
4.37593e+08
3.98202e+08
1.87591e+09
1.4914e+09
1.17681e+09
8.4908e+08
1.60476e+09
4.77247e+08
