1.72977e+09
2.07434e+09
1.11243e+09
2.83196e+08
7.00474e+07
2.16885e+08
1.36724e+09
1.39211e+09
1.06835e+09
1.92591e+09
4.6904e+08
4.72815e+08
1.55666e+09
7.20079e+08
6.67505e+08
2.13136e+09
1.62231e+09
1.74503e+09
1.16114e+08
5.96836e+08
1.81371e+09
1.74592e+09
1.26068e+09
1.43124e+08
2.00114e+09
1.09046e+09
7.50517e+07
1.61912e+09
1.56821e+09
8.87089e+08
1.66109e+09
1.15049e+09
8.13942e+08
6.26037e+08
1.43369e+09
8.83989e+08
8.42921e+08
6.53443e+08
1.2862e+08
1.91127e+09
4.31865e+08
5.9766e+08
2.36599e+08
1.98853e+09
1.31774e+09
9.04104e+08
1.9724e+09
7.92564e+08
5.01649e+08
2.08852e+09
1.3894e+09
1.67877e+08
1.68696e+09
5.02593e+08
3.11002e+08
1.54061e+09
1.59306e+09
3.86054e+08
1.01225e+09
1.01378e+09
1.27314e+09
5.25857e+08
1.67931e+07
2.08709e+09
1.15189e+09
1.45048e+09
8.23591e+08
1.99481e+09
2.10393e+09
9.52211e+08
1.7586e+09
3.88309e+08
1.54987e+09
1.9952e+09
2.29353e+08
7.20127e+08
7.51818e+08
5.42739e+07
1.51269e+09
1.25347e+09
2.14279e+09
7.54607e+08
1.42134e+09
1.68227e+09
1.2572e+09
1.73235e+09
1.0754e+09
7.02773e+08
2.1184e+09
2.08765e+09
1.71656e+09
1.24406e+09
4.66019e+08
1.73335e+09
1.18366e+09
1.61791e+09
1.03635e+09
2.00725e+09
1.46524e+09
9.92792e+08
8.11978e+08
1.07636e+09
1.3811e+09
2.14366e+08
9.24072e+08
1.61045e+09
9.34493e+08
1.67589e+09
1.66473e+09
2.997e+08
7.81873e+08
1.66004e+09
1.05431e+09
5.57331e+07
1.19482e+09
1.64023e+08
1.78808e+09
1.22735e+08
8.66796e+08
1.759e+09
6.28974e+07
4.35867e+08
8.5557e+08
5.28916e+08
2.17319e+07
2.03923e+09
2.14683e+09
1.05808e+09
1.899e+09
1.46459e+09
2.05087e+09
5.63493e+08
3.93463e+08
1.28449e+09
7.77859e+08
1.31753e+09
7.4746e+08
1.71235e+09
8.45941e+08
2.64705e+08
2.01205e+09
1.62781e+09
1.92474e+09
9.18875e+08
1.68355e+09
9.72079e+08
1.0829e+09
1.32414e+09
1.09481e+09
1.94969e+09
9.35654e+08
1.15771e+09
2.38077e+08
1.79122e+09
1.68663e+09
2.59809e+08
1.68297e+09
1.68597e+09
1.31789e+09
1.43449e+09
1.00308e+09
1.22128e+09
1.99798e+09
1.39654e+09
3.58284e+08
6.28353e+08
5.6659e+08
1.10574e+09
1.93221e+08
1.41253e+09
1.37045e+09
5.77894e+07
8.92861e+08
1.14771e+09
9.76664e+08
4.28924e+08
2.11979e+09
2.05956e+09
1.75307e+09
1.06712e+09
1.86177e+09
5.41236e+08
7.7343e+07
2.09985e+09
1.84977e+08
1.76397e+09
2.12175e+08
1.86795e+09
1.30246e+09
1.53006e+09
1.15495e+09
1.58053e+08
6.03859e+08
1.00544e+09
1.55459e+09
9.62144e+08
1.6338e+09
2.12118e+09
2.06789e+09
1.82702e+09
1.38623e+09
1.29085e+09
1.88481e+09
1.31608e+08
2.91076e+08
7.13989e+08
5.60532e+08
2.63378e+08
6.26068e+08
1.66115e+08
1.33049e+09
3.40356e+08
7.07351e+08
1.40784e+09
2.92722e+08
8.92328e+08
1.02432e+09
5.04897e+08
6.12792e+08
1.79299e+08
2.03496e+09
1.76774e+09
3.37352e+08
4.91337e+08
6.25702e+08
1.89194e+09
1.45348e+09
1.12016e+08
1.86564e+09
1.37389e+09
1.93904e+09
1.10439e+09
5.17255e+08
1.67636e+09
1.236e+09
8.08331e+08
2.42866e+08
1.79653e+09
1.07171e+09
8.68934e+08
1.96264e+09
2.54719e+08
1.20929e+09
5.22511e+08
1.66256e+09
1.50201e+09
1.41484e+09
5.39395e+08
2.00691e+09
2.02763e+09
7.18694e+08
1.89438e+09
1.64789e+09
1.05605e+09
2.38238e+08
1.26109e+08
8.00506e+08
1.69172e+09
2.38125e+08
5.18665e+08
9.1812e+08
2.96771e+07
1.62305e+09
1.43538e+09
1.70604e+09
7.11566e+08
9.6223e+07
1.9489e+09
3.60611e+08
1.16793e+09
6.70354e+08
1.75771e+08
1.42265e+09
1.87964e+09
6.98283e+08
9.37724e+08
1.23417e+09
2.11312e+09
1.47712e+09
1.09359e+09
1.99327e+09
4.83299e+07
8.40495e+08
1.49368e+09
1.10438e+09
1.07873e+09
1.61978e+09
1.90488e+09
6.22969e+08
1.85791e+09
2.76063e+08
1.54109e+09
1.88759e+09
1.89912e+09
8.28981e+08
1.44614e+09
4.63199e+08
9.25204e+08
1.24756e+09
8.23811e+08
2.09314e+09
1.91791e+09
9.99582e+08
1.3683e+09
1.65007e+09
1.69786e+09
1.58544e+08
7.36761e+08
1.6635e+09
1.63566e+09
1.83035e+09
1.50929e+09
1.68399e+09
5.23366e+08
8.55482e+08
6.40886e+08
1.6021e+09
3.27784e+08
3.98284e+08
7.75848e+07
3.82099e+07
6.74346e+08
1.61867e+09
1.9258e+09
4.25979e+08
3.00171e+08
1.22445e+09
8.89178e+08
1.22538e+09
3.24532e+08
1.71299e+09
1.17103e+09
9.49631e+07
5.65087e+08
3.91849e+08
1.74504e+09
1.15468e+08
5.50393e+08
3.34314e+08
1.77897e+09
3.85728e+07
1.71849e+07
1.14078e+09
1.72257e+09
5.40551e+08
1.99626e+09
2.15968e+08
2.14265e+09
1.76559e+08
6.14252e+08
7.27519e+07
2.14769e+08
1.2886e+09
1.69143e+09
2.14057e+09
1.71458e+09
1.9916e+09
1.21754e+09
4.56271e+08
1.06949e+09
1.54207e+09
2.1776e+07
9.3033e+07
1.63703e+09
5.86863e+08
4.84882e+08
1.23459e+09
7.0233e+08
1.03527e+09
1.5689e+09
3.33818e+08
1.07385e+09
1.58608e+09
1.47459e+09
6.4893e+08
2.12664e+09
1.32337e+09
8.64898e+08
2.1218e+09
1.49993e+09
1.47915e+09
4.70705e+07
1.7147e+09
6.20264e+08
1.7385e+09
1.70778e+09
1.87357e+08
1.58261e+09
7.77832e+08
6.43629e+08
5.04615e+08
1.72417e+08
6.65404e+08
5.97648e+08
1.80945e+09
1.25227e+09
1.08253e+09
8.9655e+08
1.9546e+09
2.1178e+09
3.17966e+08
1.40931e+08
1.04417e+09
1.90405e+09
1.61553e+09
1.6931e+09
1.8832e+09
7.91411e+08
4.10512e+08
1.85752e+09
1.43856e+08
1.88966e+09
1.90459e+09
1.85855e+09
3.62442e+08
1.4956e+09
1.41885e+09
5.498e+08
9.30729e+08
4.91957e+07
1.19343e+09
1.43534e+09
2.21613e+08
1.85883e+09
2.03299e+09
2.03106e+09
9.63616e+08
9.68038e+08
7.80128e+08
7.7073e+08
9.38358e+08
1.09809e+09
9.11662e+08
1.98253e+09
8.5466e+08
3.79704e+08
1.52814e+09
5.90378e+08
1.17112e+09
1.93865e+09
3.00414e+08
1.31497e+09
1.68083e+09
5.7521e+07
1.02604e+09
2.04327e+09
1.55312e+09
2.97403e+08
4.45588e+08
3.3637e+08
3.46599e+08
1.63902e+09
1.77171e+09
5.68212e+08
1.35037e+09
1.65722e+09
4.51789e+08
1.66498e+08
4.77777e+08
1.23192e+09
9.37229e+08
1.41613e+09
1.82528e+08
1.84889e+09
1.25118e+09
1.03719e+09
8.11103e+07
6.31833e+08
1.62757e+09
1.25223e+09
4.23001e+08
1.92798e+09
4.19712e+08
2.10383e+09
1.9855e+09
1.44575e+09
1.99962e+09
1.39114e+09
1.74315e+09
2.97724e+08
1.72751e+09
2.08975e+09
1.93674e+09
1.35174e+09
5.10482e+08
1.13962e+09
8.61481e+08
9.62271e+08
1.30612e+09
1.33926e+09
4.67048e+07
9.58652e+07
6.07909e+08
2.29232e+08
1.94476e+09
1.85909e+09
1.26642e+09
2.02587e+09
3.43435e+08
7.46502e+08