7.9414e+08
1.68993e+09
1.82497e+09
1.08802e+09
8.33756e+08
9.42396e+08
1.13491e+09
1.26428e+09
1.71793e+09
1.53825e+09
9.17517e+08
3.61296e+08
1.39827e+09
9.00957e+08
1.1518e+09
5.75654e+08
2.11523e+09
1.6392e+09
1.6697e+09
1.75009e+09
2.06424e+09
3.67556e+08
8.87406e+08
9.40013e+08
1.53938e+09
1.69659e+09
1.93262e+09
1.23569e+09
3.13555e+07
1.76826e+09
2.04375e+09
8.25496e+08
1.31071e+09
1.72124e+09
1.91352e+09
2.14446e+09
5.16149e+08
9.00948e+08
1.26126e+09
8.65906e+07
2.91719e+08
3.12913e+07
4.47886e+08
1.68999e+09
9.32248e+08
1.59969e+09
1.18155e+08
8.99998e+08
1.0914e+09
1.78785e+09
5.02603e+08
1.00816e+09
7.92383e+06
1.39001e+09
1.94818e+09
1.54731e+09
9.39114e+08
1.73332e+09
6.35515e+08
9.7047e+08
1.35409e+09
5.31783e+08
1.79597e+09
5.17311e+08
1.05537e+08
1.562e+09
5.1429e+08
6.21686e+08
3.15466e+08
1.77555e+09
7.08276e+08
6.07185e+08
1.80684e+09
1.15616e+09
1.49687e+08
5.91604e+08
6.08366e+08
2.67842e+08
1.4916e+09
1.69977e+09
2.05569e+09
1.99421e+09
5.6045e+08
2.06362e+09
1.23673e+09
3.61143e+08
1.46344e+09
2.83615e+07
2.09446e+09
2.09896e+09
9.98831e+08
1.30107e+09
4.83255e+08
6.47313e+08
1.81838e+09
5.88792e+08
6.18314e+07
1.85182e+08
1.21048e+09
3.77298e+08
1.96073e+09
1.91875e+09
9.84483e+08
1.62009e+09
9.27433e+08
1.13417e+09
6.42055e+07
1.5358e+09
1.40201e+09
1.55581e+09
1.08809e+09
1.31022e+09
1.40253e+09
1.64854e+09
1.22636e+09
4.91777e+08
2.00968e+09
5.42314e+08
5.20138e+08
1.95665e+09
4.93786e+08
1.51897e+09
1.11024e+09
9.77042e+08
1.87982e+07
7.81128e+08
1.56583e+09
8.06296e+07
9.66311e+08
6.28828e+08
4.57927e+08
7.79557e+08
4.00098e+08
1.44241e+09
2.52159e+08
1.32753e+09
4.29096e+08
3.16364e+08
7.15847e+08
1.83111e+09
1.87217e+09
1.80393e+09
9.93847e+08
1.12722e+09
1.30498e+09
7.27197e+07
1.61899e+09
1.16718e+09
6.15034e+08
2.13913e+09
9.76348e+08
1.10882e+09
1.51062e+09
2.08658e+09
2.08586e+09
1.52942e+09
7.20228e+08
1.50421e+09
1.61005e+09
1.68654e+09
2.13304e+09
2.06797e+09
3.18612e+08
3.85654e+08
1.3629e+09
5.7077e+08
1.71319e+09
1.792e+09
8.87135e+08
2.81548e+08
1.47562e+09
6.11823e+08
2.08548e+09
3.21982e+08
1.73904e+09
1.24298e+09
3.94702e+08
1.21055e+09
2.62674e+08
1.00974e+09
1.2022e+09
1.23902e+09
2.11856e+09
5.65333e+08
1.17812e+09
2.05694e+09
2.09475e+09
1.89835e+09
1.41366e+09
1.55731e+09
1.4374e+09
1.39922e+09
1.4778e+09
1.75602e+09
1.78488e+09
6.93216e+08
1.79302e+08
1.35058e+09
3.37727e+08
1.06644e+09
1.63213e+09
1.81335e+09
1.67826e+09
1.57012e+09
2.13533e+09
1.26982e+09
6.65618e+08
3.82547e+08
3.32883e+08
9.28292e+08
1.39228e+09
1.53508e+09
1.98297e+07
1.36336e+09
2.10042e+09
1.19795e+09
1.27281e+09
2.04768e+09
9.48816e+08
5.38989e+08
1.45751e+09
2.38736e+08
1.93821e+09
7.87826e+08
1.99475e+09
1.5756e+09
1.48104e+09
2.65697e+07
7.78695e+08
1.81877e+09
1.09301e+09
2.63337e+08
1.48463e+09
6.23782e+08
1.83346e+09
1.47248e+09
1.8936e+09
3.51593e+08
1.85503e+09
7.89986e+07
1.27988e+09
1.09983e+09
1.61408e+09
1.29971e+09
3.15698e+08
1.56701e+09
3.50181e+08
1.58851e+09
1.46721e+09
1.299e+09
2.1275e+09
7.77238e+08
1.53773e+09
1.91822e+09
1.56506e+09
1.385e+09
1.34634e+09
8.98623e+08
1.41157e+09
2.12504e+09
5.69909e+08
3.57094e+08
2.40889e+08
2.05454e+09
9.80876e+08
2.07435e+09
1.37954e+09
7.26991e+08
2.78456e+08
1.08708e+09
8.0599e+08
1.55834e+09
3.94187e+07
2.72588e+08
7.10571e+08
3.55117e+08
1.8396e+09
1.06075e+09
1.94362e+09
1.15933e+09
2.12266e+08
1.92363e+09
1.93657e+09
1.75e+09
1.69437e+09
1.35415e+09
9.87518e+08
8.9323e+08
1.05288e+08
2.51605e+08
8.70782e+08
6.75197e+08
6.08699e+08
1.11167e+09
5.82255e+08
1.58958e+09
1.03853e+09
1.96179e+09
1.69083e+08
1.31699e+09
9.01384e+08
9.75073e+08
7.27847e+08
9.40803e+08
1.24766e+09
1.43842e+09
1.29592e+09
9.39779e+08
3.51687e+08
1.09206e+09
2.09911e+09
5.63953e+08
8.6821e+08
1.88819e+09
1.66469e+08
4.151e+08
1.09486e+09
1.15399e+09
1.30833e+09
1.20015e+09
1.40559e+09
3.16279e+07
1.87534e+09
2.01429e+09
1.1433e+09
3.10115e+08
1.45638e+09
3.43483e+07
1.24422e+08
1.62547e+09
1.35134e+09
1.02581e+09
4.53055e+08
2.07918e+09
1.96661e+09
1.70072e+09
1.37012e+09
1.11504e+09
4.9301e+08
1.72181e+09
5.96204e+07
4.44636e+08
1.38275e+08
9.27831e+08
1.85345e+08
3.04745e+08
1.34293e+09
1.2802e+09
1.45873e+09
5.03777e+08
3.32867e+08
7.16841e+08
5.35405e+08
6.07273e+07
5.83648e+08
1.6787e+09
3.70842e+08
2.04003e+09
1.71305e+09
4.95264e+08
1.51801e+09
9.16906e+08
1.52107e+09
1.97107e+09
8.48607e+08
1.3402e+09
1.5243e+09
7.12426e+07
3.07757e+08
2.01731e+09
1.79305e+09
3.67377e+08
3.14461e+08
1.93132e+09
1.29521e+09
4.99807e+08
8.85849e+07
4.90655e+08
1.78001e+09
1.54732e+09
9.94432e+08
2.11288e+09
1.16674e+08
1.52984e+09
2.61214e+07
7.00322e+08
1.06106e+09
3.96964e+08
5.92869e+08
6.26623e+08
8.92228e+08
2.11088e+09
1.54353e+09
2.65814e+08
1.93446e+09
2.44652e+08
1.60601e+09
1.31128e+09
3.15895e+08
1.91377e+09
1.1811e+09
2.10894e+09
1.33659e+08
1.49557e+09
1.89278e+09
1.42887e+09
1.99537e+09
1.98137e+09
1.91952e+09
1.6279e+09
1.3812e+09
7.6647e+08
1.59329e+09
1.49788e+09
1.48822e+08
1.61942e+09
5.07138e+07
1.20988e+09
2.01638e+09
6.43583e+08
1.8365e+09
7.61123e+08
6.0698e+08
1.23255e+09
1.02694e+09
3.93961e+08
1.4772e+09
4.85462e+08
1.70524e+09
1.79309e+09
2.51745e+08
7.38861e+08
1.75455e+09
3.85404e+08
8.69436e+07
1.49985e+09
1.81427e+09
2.08232e+09
1.33374e+09
1.58631e+09
1.56273e+09
5.67456e+08
2.05295e+08
1.00854e+09
2.06533e+09
3.54117e+08
4.80474e+08
2.11605e+09
1.564e+09
3.49369e+08
6.12145e+08
1.25301e+09
1.11049e+09
1.21912e+09
3.38076e+08
2.13743e+09
1.61309e+09
1.81527e+09
4.75407e+08
1.17084e+09
1.46088e+09
7.27152e+08
1.9097e+09
1.06795e+09
1.11256e+09
1.99665e+09
4.20324e+08
7.79344e+08
1.93148e+09
1.75406e+09
2.18169e+08
1.34673e+09
1.74036e+08
4.23464e+08
2.07786e+08
9.18841e+07
7.77582e+08
6.8826e+08
6.04464e+07
1.94094e+08
1.03763e+09
6.72591e+08
1.44711e+09
637612
1.89172e+09
1.78518e+09
2.13807e+09
1.35732e+09
1.45297e+09
4.6599e+08
3.80676e+08
7.66374e+08
1.19314e+09
1.42895e+08
1.83433e+09
1.58215e+08
2.13954e+09
1.07169e+08
9.37559e+08
1.92354e+09
1.86123e+09
1.15573e+09
1.12278e+09
2.03527e+09
1.57919e+09
1.33057e+09
2.12715e+09
2.0929e+08
2.01883e+09
4.01149e+07
4.03384e+08
9.08973e+08
7.12706e+08
1.85049e+09
9.09611e+08
4.56939e+08
1.48819e+09
9.00194e+08
1.81426e+09
7.93678e+08
1.36618e+09
4.74487e+07
1.56005e+09
4.11842e+08
1.90344e+08
1.2469e+09
5.70057e+08
1.82402e+08
1.35407e+09
1.50762e+09
2.10594e+09
1.06782e+09
5.1586e+08
1.08124e+09
9.55599e+08
2.09505e+09
2.6432e+08
9.35268e+08
1.56859e+08
1.35664e+08
9.75383e+08
5.60243e+08
1.04464e+09
1.68809e+09
2.63249e+08
1.95425e+09
2.14503e+09
1.75144e+09
7.06959e+08
1.8118e+09
3.97633e+08
2.07314e+09
1.85925e+09
1.95768e+09
3.37501e+08
2.04959e+09
1.0571e+09
9.07558e+08
8.45111e+07
2.63681e+08
2.6769e+08
4.29665e+07
1.3315e+09
7.8355e+08
1.1242e+09
1.39612e+08
7.31118e+08
1.38852e+09
1.07488e+09
8.87977e+08
1.52419e+09
2.05026e+09
1.44822e+09
4.21342e+08
1.59087e+09
1.71147e+09
2.28107e+08
1.58841e+09
1.31542e+09
9.35066e+08
1.25273e+09
1.71306e+09
8.60725e+08
9.64494e+08
1.52326e+09
1.19823e+09
8.66603e+08
4.32872e+08
2.10578e+09
9.51114e+08
6.96553e+08
2.2599e+08
9.9408e+08
2.02805e+09
1.00954e+09
2.11828e+09
2.01769e+07
1.74066e+09
1.35932e+09
1.09506e+09
4.81152e+08
7.36027e+08
9.97836e+08
1.92937e+09
1.15737e+09
4.4122e+08
1.49336e+09
1.38548e+09
2.02963e+09
6.61297e+08
1.73058e+08
1.13488e+09
2.2687e+08
1.03378e+09
2.09937e+09
1.75013e+09
8.45249e+07
8.18489e+08
3.55152e+07
4.2825e+07
1.7696e+09
7.32068e+08
2.68815e+08
6.16199e+08
6.12633e+08
1.27836e+09
5.86999e+08
6.3281e+08
8.71531e+08
1.94632e+09
1.72787e+09
1.35268e+09
5.34866e+08
5.78219e+08
1.13457e+09
1.69223e+09
1.01944e+09
4.80445e+08
9.30228e+08
9.01587e+08
1.14174e+09
1.10329e+09
2.03646e+09
1.36861e+09
2.13707e+09
1.98835e+09
9.71256e+08
7.411e+07
6.59355e+08
1.00677e+09
1.16935e+08
2.81474e+08
1.73884e+09
3.8575e+08
8.97673e+08
2.03988e+08
1.66411e+09
1.48467e+09
8.36798e+08
3.88153e+08
1.28351e+09
4.17181e+08
1.74084e+09
1.81838e+09
9.95399e+08
7.27924e+08
1.36313e+09
2.01484e+09
1.20837e+09
1.45871e+08
7.68941e+08
2.02628e+08
1.24916e+09
6.5792e+08
1.57124e+09
1.23874e+09
4.98786e+08
3.95012e+08
1.31285e+09
1.15814e+09
1.40178e+09
1.42979e+09
1.43961e+09
9.93138e+08
1.81554e+09
1.89803e+08
1.19713e+09
1.33216e+09
1.67448e+09
2.03392e+09
1.72031e+09
8.10502e+08
3.03621e+08
1.31367e+09
4.81394e+08
1.29902e+09
2.04159e+09
1.84452e+09
1.16637e+09
1.10247e+09
1.99039e+09
1.93532e+09
1.3051e+09
1.09207e+09
4.45752e+08
7.28859e+08
1.83324e+08
9.44538e+08
1.12387e+09
1.49618e+09
2.10268e+09
3.7817e+08
7.7848e+08
1.39481e+09
1.37131e+09
4.46534e+08
1.58461e+09
4.20951e+08
1.77869e+09
1.1116e+09
3.07392e+08
1.35152e+09
1.9221e+09
6.11013e+08
5.17705e+08
2.56014e+08
1.91003e+09
4.11811e+08
2.10054e+09
9.28925e+08
1.51429e+09
1.94344e+09
7.16757e+08
6.71905e+08
8.88027e+08
1.16251e+09
1.40076e+09
1.07135e+09
2.10705e+09
3.7715e+08
4.20043e+08
2.06224e+09
7.5532e+08
1.19852e+09
1.30956e+09
2.12663e+09
1.64506e+09
7.46692e+08
4.00096e+08
1.27627e+09
1.85829e+09
7.07488e+08
4.80306e+08
1.63291e+09
1.3185e+09
9.98011e+08
1.88893e+09
1.08105e+09
1.40982e+09
1.84198e+09
2.00998e+09
7.76625e+08
1.63794e+09
5.79249e+08
1.44853e+09
3.78485e+08
1.74176e+09
7.0181e+08
1.44984e+09
1.70132e+09
1.07896e+09
1.86988e+09
1.61608e+09
1.83428e+09
9.20919e+08
7.78157e+08
1.81343e+09
4.18492e+08
1.52485e+09
6.6038e+07
1.69476e+09
1.23566e+09
7.73526e+08
2.75807e+07
7.2109e+08
2.09203e+09
1.02559e+09
4.62535e+08
1.02559e+09
2.87931e+08
1.57032e+08
8.88086e+08
1.06456e+09
1.79497e+09
1.46733e+09
3.65603e+08
2.59754e+07
1.06161e+09
1.06741e+09
1.47581e+09
6.15445e+08
2.14637e+09
1.19821e+09
8.40376e+07
1.83317e+09
2.11912e+09
8.62195e+08
1.49911e+09
3.90133e+08
2.3956e+08
1.56515e+09
2.08489e+09
1.47522e+09
1.91192e+08
2.11247e+09
4.88256e+07
1.35735e+08
9.9058e+08
5.11361e+08
1.16133e+09
1.27851e+09
6.68393e+08
2.04941e+09
1.95583e+08
3.15884e+08
1.36927e+09
5.61186e+08
3.41859e+08
2.83391e+08
1.6286e+09
1.81767e+09
8.98835e+08
1.62749e+09
8.68393e+08
9.82873e+08
1.31317e+09
8.40034e+08
1.84507e+09
6.64802e+08
1.23017e+09
2.08463e+09
8.2468e+07
1.16757e+09
1.41236e+09
2.7366e+08
1.13256e+09
1.46119e+09
4.09395e+08
2.12314e+09
1.97255e+09
1.57072e+09
1.25417e+09
4.93459e+08
1.47265e+09
1.44975e+09
8.09343e+08
6.94436e+08
2.01094e+09
1.1512e+09
9.77827e+08
1.49205e+09
8.21389e+08
1.87666e+09
9.72058e+08
1.68978e+09
7.12052e+08
1.37748e+08
3.82332e+08
4.09636e+08
8.0255e+08
1.6125e+09
3.4678e+08
8.85018e+08
6.3259e+08
1.75914e+09
1.15868e+09
1.76515e+09
1.07285e+09
1.56807e+09
1.74081e+09
8.97915e+08
9.91312e+08
8.47497e+08
1.39137e+09
3.16483e+08
1.49767e+08
5.32341e+07
1.01092e+09
1.3223e+07
1.20444e+09
1.98875e+09
1.50528e+09
2.02583e+09
1.71793e+09
3.29852e+08
1.56812e+09
2.82494e+08
4.676e+08
1.95046e+09
6.9213e+08
1.27015e+09
1.41547e+09
1.03891e+09
7.68543e+06
2.04806e+09
6.5057e+08
1.16636e+09
1.66573e+09
1.72342e+09
5.86953e+08
1.25906e+09
4.7385e+08
1.57827e+09
2.10655e+09
1.86522e+09
1.89475e+09
1.08838e+08
1.91846e+09
7.58184e+08
1.22061e+08
9.75412e+08
5.99447e+08
1.62734e+09
8.53754e+08
1.69889e+08
1.95719e+09
2.74394e+08
4.52383e+08
2.77306e+08
7.73661e+07
1.14451e+09
1.54746e+09
1.49284e+09
3.59392e+07
1.55514e+09
1.39341e+09
6.86509e+08
5.74022e+08
9.1166e+08
2.62444e+08
1.16098e+09
2.32329e+07
7.36295e+08
5.91757e+08
2.12979e+09
4.54036e+08
3.39021e+08
9.11409e+07
2.25011e+08
1.09721e+09
2.13201e+08
1.20042e+09
1.69665e+09
1.84054e+09
2.05418e+09
1.86654e+09
1.65025e+09
1.81086e+08
1.71441e+08
1.92755e+09
2.58452e+08
1.31595e+09
1.32753e+09
1.75129e+09
1.35189e+09
7.35184e+08
9.9722e+08
2.0384e+09
1.30921e+09
1.90888e+09
1.53363e+08
3.22698e+08
1.93211e+09
8.89657e+08
9.14455e+08
1.91442e+09
1.34369e+09
1.25348e+09
2.00556e+09
1.5687e+09
2.03198e+08
7.12753e+07
6.21642e+08
1.89985e+09
1.91181e+09
5.28334e+08
1.61891e+09
1.41458e+09
7.0942e+08
1.79035e+09
1.19464e+09
9.67873e+08
9.58821e+08
3.74686e+08
5.71679e+08
1.6323e+08
1.10987e+09
1.5689e+09
5.41485e+07
2.71593e+08
1.3303e+09
2.07511e+08
5.94291e+08
1.11493e+09
1.09717e+09
1.50875e+09
8.81858e+08
2.93378e+08
6.14739e+08
7.39932e+08
1.86208e+09
8.17937e+08
8.11207e+08
3.3624e+08
5.70304e+08
5.75538e+08
8.64574e+08
4.17301e+07
1.99011e+09
1.57399e+09
1.83208e+09
1.03728e+09
3.94383e+08
6.43418e+08
1.41196e+09
9.66062e+08
8.06647e+08
3.74347e+08
3.87477e+08
8.60796e+08
6.4594e+08
1.71777e+09
1.06831e+09
1.24023e+09
6.85215e+08
1.79922e+07
6.01493e+08
1.56707e+09
3.1137e+08
1.21623e+09
1.59521e+08
2.59676e+07
2.03417e+09
9.70728e+08
3.62207e+08
4.56989e+08
1.54627e+09
1.22678e+09
4.9872e+08
1.3889e+09
6.53292e+08
1.83317e+08
2.78689e+08
1.04768e+09
8.26734e+08
1.69065e+09
2.01374e+09
1.63338e+09
2.065e+09
2.53731e+08
3.46694e+08
5.63453e+08
1.9715e+09
1.415e+09
1.80368e+09
5.09234e+08
1.43299e+09
2.57694e+08
2.07631e+09
1.74436e+09
1.47393e+09
8.83445e+07
1.77033e+09
1.36061e+09
1.05907e+09
2.13254e+09
1.8176e+09
4.57856e+08
1.21184e+09
1.68836e+08
1.84675e+09
1.86513e+09
3.52152e+08
2.12544e+09
7.65319e+08
1.17889e+09
1.66861e+09
6.31572e+08
6.64784e+08
1.58612e+09
8.85303e+08
1.01148e+09
2.09093e+06
7.09323e+08
2.78996e+08
1.80578e+09
1.21856e+09
1.71199e+09
2.06347e+09
1.14738e+09
1.30887e+09
1.38991e+09
1.23573e+09
9.31716e+08
6.03038e+08
1.47314e+08
9.1677e+08
2.73154e+08
6.0517e+08
2.12861e+09
4.4199e+08
3.04439e+08
1.84625e+09
7.94142e+08
2.82397e+08
4.64084e+08
1.97303e+09
1.95101e+09
1.09566e+09
4.90329e+08
1.38964e+09
1.98096e+09
1.50181e+09
1.39173e+09
5.42798e+08
1.7808e+09
1.05003e+09
1.76135e+09
1.34531e+09
9.66011e+08
7.61252e+08
5.06693e+08
2.08438e+08
1.99698e+09
1.43841e+09
8.11475e+08
2.14429e+09
2.07695e+08
1.08463e+09
6.01978e+08
1.88817e+08
1.52662e+09
9.06418e+08
2.03507e+09
1.73278e+08
1.18882e+09
3.51666e+08
2.14631e+09
9.92337e+08
1.44732e+09
4.89152e+08
2.34496e+08
1.2808e+09
1.99096e+09
1.62623e+09
1.82359e+09
1.62428e+09
5.28771e+08
1.43747e+09
8.22104e+08
1.49478e+09
5.12341e+07
1.3288e+09
1.70322e+09
2.04821e+09
6.19723e+08
3.67211e+08
2.04502e+09
8.27418e+08
1.45184e+09
4.99514e+08
1.01624e+09
8.30976e+08
1.40593e+09
9.03818e+08
1.00425e+09
4.47263e+08
1.25548e+09
1.00308e+09
1.4396e+09
5.55322e+08
1.49223e+09
1.6741e+09
1.83612e+09
1.3357e+09
1.15284e+09
1.51223e+09
8.125e+08
1.68161e+09
8.02212e+08
1.6346e+09
1.02891e+09
8.53447e+08
8.15918e+08
5.84648e+08
7.54174e+08
1.43564e+09
9.51859e+08
6.5171e+08
1.15575e+08
2.56216e+08
1.15122e+09
1.13181e+09
1.08719e+09
4.09672e+08
2.03563e+09
2.09145e+09
8.56935e+08
1.14363e+09
9.47038e+08
1.49052e+08
1.69895e+09
2.91783e+08
1.82315e+09
1.38759e+09
1.62749e+09
8.28506e+08
7.52334e+08
2.92504e+08
3.62635e+08
1.55455e+09
1.92711e+09
1.39155e+09
2.6051e+08
5.95542e+08
1.97619e+09
1.01468e+09
2.03118e+09
7.8057e+08
1.66639e+09
2.14676e+09
1.03679e+09
6.70135e+08
1.13109e+09
2.12398e+09
1.07981e+09
1.01923e+09
2.06794e+09
1.93674e+09
1.53762e+07
8.67495e+08
2.08579e+09
1.71433e+09
1.15928e+09
1.76146e+09
9.54432e+08
6.39282e+08
4.4248e+08
1.70677e+09
9.31786e+08
8.05116e+08
1.11383e+09
7.1141e+08
4.91794e+07
1.37434e+09
1.30695e+09
2.02537e+09
2.41539e+08
1.19065e+09
6.58461e+08
1.90793e+09
1.18993e+09
1.69525e+09
4.30584e+08
1.73527e+08
1.67174e+09
1.51039e+09
1.19276e+09
1.5922e+09
1.29965e+09
1.20813e+09
3.1221e+08
1.23796e+09
7.74978e+08
1.47149e+09
8.51935e+08
1.72941e+09
2.11077e+09
1.29442e+09
1.28869e+09
8.95072e+08
2.09953e+09
2.55038e+08
1.60648e+09
1.22714e+06
1.62938e+09
7.6595e+08
2.0266e+09
1.87092e+09
1.9566e+09
5.37578e+08
1.63137e+09
9.99043e+08
8.53417e+07
2.06195e+09
1.17257e+09
1.75708e+09
1.42486e+09
2.17844e+08
1.2018e+09
5.77023e+08
1.42598e+09
1.51401e+09
1.81498e+09
5.3473e+07
8.38012e+08
5.19435e+08
1.78288e+09
8.01298e+08
1.81385e+09
9.24092e+08
1.69637e+09
1.7659e+09
1.17913e+09
1.15537e+09
1.76713e+09
6.61024e+08
1.92132e+09
1.64624e+09
3.84457e+08
1.73043e+09
3.63378e+07
2.01582e+09
5.81993e+08
1.21679e+08
1.93029e+09
1.75456e+09
1.87876e+09
1.20766e+09
1.97241e+09
9.33077e+08
1.78469e+09
1.2509e+09
2.99602e+08
1.45219e+09
1.30437e+09
1.13761e+09
1.97162e+09
9.39774e+08
1.93891e+09
1.63799e+09
1.86387e+09
1.4878e+09
1.2564e+09
8.95514e+08
4.95681e+08
8.76044e+08
1.55654e+09
2.69515e+08
3.74804e+08
1.94099e+09
1.99995e+09
4.11142e+08
1.80933e+09
4.34458e+08
5.32821e+08
1.59214e+09
4.15369e+07
2.641e+08
6.52318e+08
2.01394e+09
1.19718e+09
2.8952e+08
1.11736e+09
1.49678e+09
1.74171e+09
2.74252e+08
4.86909e+08
1.56584e+09
1.21403e+09
2.78337e+08
1.05635e+09
9.30409e+08
1.76613e+09
1.65266e+08
1.82592e+09
1.14332e+08
1.04131e+09
1.23498e+09
3.83847e+08
1.41611e+09
1.02849e+09
2.36312e+08
1.82726e+09
6.90338e+08
6.7077e+08
2.12593e+08
1.34993e+08
7.12306e+08
4.76694e+08
7.87311e+08
5.78767e+08
1.67387e+09
1.07683e+09
1.69613e+09
1.02317e+09
6.71053e+08
1.97038e+09
1.51007e+09
8.94125e+07
1.03692e+09
1.78841e+09
1.14576e+09
1.96733e+09
1.40706e+09
1.31103e+09
1.64577e+09
1.52139e+09
2.04853e+08
7.33262e+08
1.90524e+09
1.62097e+09
1.76175e+09
2.14155e+09
1.30074e+09
3.04603e+08
6.64839e+08
1.51333e+09
4.39597e+08
1.37715e+09
1.99003e+09
1.22691e+09
1.95591e+09
1.51641e+09
1.56255e+08
1.50456e+09
3.92097e+08
8.27308e+08
1.32745e+09
1.90217e+09
9.1672e+08
2.1689e+08
1.5431e+09
2.06248e+09
3.67365e+07
8.02678e+08
1.22602e+09
1.68251e+09
1.76589e+08
1.43088e+09
2.68283e+08
2.08183e+09
9.04361e+08
2.03003e+09
2.0759e+09
5.76177e+07
1.87152e+08
5.93254e+08
1.57095e+09
6.26749e+08
1.9704e+09
1.4135e+09
1.85366e+09
1.77883e+09
7.82426e+08
2.00991e+09
1.1359e+09
1.17452e+09
6.89736e+08
3.15867e+08
9.29211e+08
1.60646e+09
5.32757e+08
3.24827e+08
1.52145e+09
5.69494e+08
1.1275e+09
5.99993e+08
1.04515e+08
1.30409e+09
2.03087e+09
3.72798e+08
1.23844e+09
7.87747e+08
2.55347e+08
1.16685e+09
8.45364e+08
4.42499e+08
1.76011e+09
2.68832e+08
1.06925e+09
1.58302e+09
1.68233e+09
7.75421e+08
1.21437e+09
3.1727e+08
6.37849e+08
2.02782e+08
1.49179e+09
1.32759e+09
5.1865e+08
2.7352e+08
7.86558e+08
1.05141e+09
5.98347e+08
1.60528e+08
1.6209e+09
1.72585e+09
7.6052e+08
1.72542e+09
8.82462e+08
6.43906e+08
2.09821e+09
2.1209e+09
1.43165e+09
2.06077e+08
1.14027e+09
1.29533e+08
6.48576e+08
7.52898e+08
3.98365e+08
1.71782e+09
1.88438e+08
2.08069e+09
3.45762e+08
1.4028e+09
2.50479e+08
9.83611e+08
1.60559e+09
1.74227e+09
1.63713e+08
2.12424e+09
2.01579e+09
9.50271e+08
1.02816e+09
4.66656e+08
1.1108e+09
5.01576e+08
4.50248e+07
1.87132e+09
7.95083e+07
9.27487e+08
3.67741e+08
3.02384e+07
9.00905e+08
1.79939e+09
2.36316e+08
2.04118e+09
1.92893e+09
8.84892e+08
6.46592e+08
1.79808e+08
4.55233e+08
8.3503e+08
1.13018e+08
8.00994e+08
9.03516e+07
3.63497e+08
1.78461e+09
1.69594e+09
2.10577e+09
1.94832e+09
1.67269e+09
1.97408e+09
7.51105e+08
5.53368e+08
2.93251e+08
1.8619e+09
1.05494e+09
3.38275e+08
1.58574e+09
1.13445e+09
1.26576e+09
1.95348e+09
1.16469e+09
1.91841e+07
1.60539e+09
1.40101e+09
2.06036e+09
1.38683e+09
1.38415e+08
5.59471e+08
1.56664e+09
5.93647e+08
1.3945e+09
1.67966e+09
1.39464e+09
1.48485e+09
2.04316e+09
1.03176e+09
1.03331e+09
2.00144e+09
8.32598e+08
5.58516e+08
1.82804e+09
1.5837e+09
1.11188e+09
2.12129e+09
1.29812e+09
1.93454e+07
3.12078e+08
7.36377e+08
1.1538e+09
1.57784e+09
5.42373e+08
1.71006e+08
1.59702e+09
278344
1.57201e+09
1.5099e+09
1.38711e+09
1.71043e+09
2.06937e+09
8.06268e+08
1.56591e+08
1.31639e+09
3.38443e+08
1.55123e+09
6.53761e+08
2.34115e+08
4.35513e+08
1.68707e+09
8.8072e+07
1.26811e+09
9.81024e+07
1.91611e+09
7.0433e+08
1.20999e+09
1.88991e+09
2.00245e+09
1.22933e+09
5.45037e+07
5.91345e+08
2.35647e+08
1.63234e+09
1.13372e+09
4.06652e+08
1.08188e+09
1.134e+09
1.97866e+09
4.44304e+08
3.73623e+08
1.54161e+09
3.66194e+08
1.17989e+09
1.6982e+09
1.68259e+09
1.51833e+09
1.10195e+09
1.88864e+08
1.75245e+09
1.53746e+09
1.87593e+09
1.84052e+09
6.58088e+08
1.97404e+09
1.60914e+09
1.36242e+09
1.03654e+09
1.35157e+09
1.21739e+09
1.18388e+08
1.40607e+09
1.80873e+09
3.54034e+08
8.90935e+08
7.94965e+08
7.60687e+08
1.97282e+09
1.92896e+09
5.91868e+08
2.69639e+08
1.55101e+08
2.13348e+09
6.35834e+08
1.33499e+09
1.68419e+09
1.70936e+08
7.05844e+08
6.38657e+08
3.598e+08
3.10809e+08
2.86344e+07
8.82499e+07
3.84671e+06
6.86723e+08
2.06229e+09
1.61299e+09
2.04914e+09
9.51341e+08
8.17079e+08
1.11904e+09
1.06973e+09
7.56696e+07
7.8029e+08
1.42376e+09
9.66604e+08
1.57526e+09
3.69665e+07
7.9194e+08
1.35673e+09
6.28834e+08
1.06158e+09
1.51184e+09
6.14827e+08
1.69741e+09
6.99344e+08
1.51535e+08
1.86835e+09
1.40519e+09
7.90192e+08
8.06658e+07
1.716e+09
8.18826e+08
1.68916e+08
1.71984e+09
1.50555e+09
8.37178e+07
1.18535e+09
1.40721e+09
1.03506e+09
2.00243e+09
3.78764e+08
2.10479e+09
2.0781e+09
1.15905e+09
1.38107e+09
8.97221e+08
5.86826e+08
1.41803e+09
1.68916e+09
1.94356e+09
2.04687e+09
6.03256e+08
1.30791e+09
5.14212e+08
1.53186e+08
2.00726e+09
6.65747e+08
2.02153e+09
1.26496e+09
1.45594e+09
2.1022e+09
8.33473e+08
1.27281e+08
1.23633e+08
4.05833e+08
1.63283e+09
2.0735e+08
1.59118e+09
8.92551e+08
1.24241e+09
1.44613e+09
1.27132e+09
1.19971e+09
1.37675e+09
2.82886e+08
4.33297e+08
1.26485e+08
8.69712e+08
1.85133e+09
1.81565e+09
6.65788e+08
1.75072e+09
2.71418e+08
1.9737e+09
1.17444e+08
4.24604e+08
1.83347e+09
7.83191e+08
2.98655e+08
9.50946e+08
9.16458e+07
2.53372e+08
1.78442e+09
2.18927e+08
3.77004e+08
4.27674e+07
1.85176e+09
5.84355e+08
1.63395e+09
5.96824e+08
1.82676e+09
9.32599e+08
1.86814e+09
8.78994e+08
1.61863e+08
3.54226e+06
1.31229e+09
2.88348e+08
8.73254e+08
1.01614e+09
2.10399e+09
1.53904e+09
6.19372e+08
2.27928e+08
1.36526e+09
7.36816e+08
6.52531e+08
1.05124e+09
1.52001e+09
9.51186e+08
2.00219e+09
1.61165e+09
1.20456e+09
1.63912e+09
1.83058e+09
1.58156e+09
1.68189e+09
1.53485e+09
1.84334e+07
1.16836e+09
2.13168e+09
1.8452e+09
2.10096e+09
1.85233e+09
5.76708e+08
1.15338e+08
1.85588e+09
1.889e+09
4.03686e+08
5.81646e+08
7.57655e+08
3.60196e+08
2.12069e+09
1.37703e+09
5.88123e+08
1.33846e+09
2.11384e+09
1.24065e+09
2.42222e+08
1.48637e+09
4.43566e+07
9.69273e+07
9.50536e+08
1.24891e+09
1.73605e+09
6.33632e+08
6.82993e+08
1.27046e+09
2.10015e+07
7.01426e+08
2.91335e+08
5.19488e+06
3.9914e+08
2.4481e+08
1.85753e+09
9.75848e+08
3.60148e+08
1.56592e+09
7.17364e+08
7.63834e+08
82488
1.47502e+09
1.12403e+09
2.12077e+09
7.04562e+08
1.71215e+09
1.31175e+09
6.70921e+08
8.05323e+08
1.55397e+09
9.80445e+06
8.4968e+08
1.6509e+09
9.60341e+08
2.09859e+09
1.23947e+09
1.59397e+09
6.34103e+08
3.6244e+08
1.61497e+09
1.33553e+09
6.53775e+08
1.62017e+09
1.73467e+09
8.98585e+08
1.33021e+09
5.63034e+08
1.25873e+09
7.4865e+08
1.2804e+09
2.02257e+09
7.48733e+08
6.07933e+08
9.99112e+08
7.2202e+08
1.31249e+09
5.63781e+08
2.03377e+09
1.98342e+09
1.3691e+09
1.44026e+09
1.99322e+09
7.13003e+07
9.43669e+08
8.06078e+08
2.24108e+07
3.56508e+07
2.52567e+08
6.56514e+08
3.98091e+08
1.86754e+09
1.99204e+09
1.05187e+09
1.34023e+09
1.57923e+09
1.95045e+09
5.22957e+08
2.14226e+09
1.0617e+09
1.27161e+09
1.27518e+09
9.36783e+08
2.02034e+09
1.88311e+09
1.9359e+09
5.94876e+08
1.04812e+09
3.52192e+08
4.81161e+08
8.84055e+08
1.7213e+09
1.92142e+09
7.29791e+08
1.7926e+09
7.17602e+08
1.53587e+09
1.81501e+09
7.53252e+08
1.78844e+09
3.24038e+08
1.15134e+09
1.50849e+09
1.68598e+08
5.57265e+07
7.01237e+08
1.74783e+09
2.00618e+09
1.22419e+09
1.74261e+09
9.20394e+08
3.48317e+08
8.70303e+08
1.85718e+09
2.21174e+08
6.05931e+08
1.64559e+09
8.1605e+08
1.65405e+09
1.99778e+09
1.29721e+09
3.90624e+08
1.57159e+09
1.07114e+09
1.12042e+09
1.21671e+09
1.78874e+09
5.08801e+08
8.84232e+08
3.94514e+08
1.49753e+08
1.20827e+09
1.54586e+09
1.65825e+09
1.37687e+09
1.60158e+09
2.12e+08
9.77213e+08
1.46028e+09
1.43619e+09
5.72338e+08
2.33188e+08
1.78451e+09
1.44264e+09
2.09037e+09
2.00568e+09
2.04857e+09
1.58847e+09
6.74251e+08
1.55514e+09
1.43877e+09
1.97146e+09
1.94577e+09
8.62879e+08
8.95121e+08
9.18699e+08
2.07959e+09
5.36382e+08
1.4275e+09
8.16334e+08
9.30895e+08
1.57725e+09
2.0246e+09
3.29269e+08
1.08802e+09
1.25399e+09
1.93085e+09
1.30002e+09
8.37187e+07
1.24365e+09
5.88725e+08
6.56057e+08
1.47684e+09
2.25752e+08
2.0987e+09
1.41972e+09
8.39533e+07
1.99979e+09
8.60704e+08
7.58204e+08
1.40745e+09
1.51988e+08
5.82182e+08
1.20573e+09
1.01487e+09
1.4773e+09
2.12443e+09
9.46969e+08
2.01368e+09
1.40444e+09
1.7633e+09
7.97096e+08
8.34214e+08
1.64042e+09
1.12637e+09
1.92223e+09
7.4693e+08
9.09734e+08
1.07476e+09
8.30649e+08
5.8973e+06
1.66349e+09
1.48671e+09
1.48273e+09
1.88924e+09
1.43792e+09
7.54966e+08
1.97319e+09
1.29023e+09
1.61567e+09
5.83912e+08
5.50189e+08
1.76766e+09
1.16609e+09
1.75592e+09
6.35042e+08
4.95913e+08
1.73286e+09
1.58201e+09
3.62113e+08
9.89824e+08
1.19783e+09
1.15921e+09
1.82404e+09
6.90772e+08
1.38091e+08
1.59878e+09
1.4377e+09
1.04782e+09
5.26061e+08
1.20866e+08
1.05372e+09
4.20639e+07
1.60757e+09
3.88971e+08
1.9313e+09
8.98009e+08
1.14394e+09
1.75701e+09
4.07514e+07
6.12123e+08
1.9344e+08
5.9094e+08
2.32298e+08
1.35953e+09
1.99375e+08
8.67339e+08
1.85545e+09
1.93224e+09
3.01867e+08
7.00759e+07
7.74579e+08
1.4997e+09
1.22929e+09
4.51133e+08
4.29861e+07
1.36738e+09
2.04992e+09
1.48069e+09
2.67717e+08
4.28494e+08
1.60155e+09
1.32144e+09
4.70558e+08
1.06164e+09
1.71041e+09
2.54377e+08
1.95965e+09
7.06863e+08
2.01139e+09
2.0004e+09
1.31899e+09
5.73445e+07
4.4386e+08
1.55128e+09
1.41688e+09
6.43235e+08
2.7114e+08
1.12484e+09
4.2799e+08
5.73007e+08
1.19492e+09
1.20257e+09
2.0727e+09
2.76718e+08
1.6537e+09
2.11569e+09
1.64409e+09
1.55614e+09
1.44889e+09
1.91181e+09
1.98463e+09
9.02965e+08
1.08577e+09
3.07705e+08
1.96461e+09
6.48693e+08
5.62082e+08
1.77678e+09
1.35556e+09
4.25987e+08
1.6297e+09
5.2706e+08
4.83331e+08
2.07356e+09
2.07834e+09
1.90021e+09
5.69307e+08
2.02e+08
8.77566e+08
9.97297e+08
7.75007e+08
2.07248e+09
5.23829e+07
7.00228e+08
2.01717e+08
1.70609e+09
6.68436e+08
1.84581e+09
1.11474e+09
2.11733e+09
1.61014e+09
9.51883e+08
8.72812e+08
5.48422e+08
1.25959e+09
6.89936e+08
1.19712e+09
1.82167e+09
3.19229e+08
4.05189e+08
1.00172e+08
1.94893e+09
9.32248e+08
5.83504e+08
1.875e+09
8.63109e+08
3.36229e+08
2.96821e+08
1.06511e+09
1.2138e+09
1.29412e+09
1.84012e+09
1.13879e+09
1.3465e+09
3.92861e+08
1.34051e+09
9.05103e+08
1.0613e+09
1.03884e+09
2.01984e+09
1.03114e+09
5.01495e+08
8.2424e+08
1.90396e+09
1.04992e+09
2.08383e+09
4.46408e+08
9.95485e+07
1.75801e+09
7.65637e+08
5.04737e+08
1.85819e+09
5.67079e+08
1.43699e+09
2.94206e+08
2.94593e+08
1.52611e+08
6.30435e+08
5.91414e+08
1.21772e+09
1.84423e+09
1.88553e+09
9.10352e+08
8.35541e+08
1.08455e+09
1.30321e+09
2.85698e+07
1.98965e+09
2.17026e+08
1.06741e+09
1.86201e+09
1.24817e+09
1.5689e+09
5.38767e+08
1.00464e+09
4.71338e+08
4.7511e+08
1.45105e+09
5.70886e+08
8.56397e+07
6.92032e+07
1.07562e+09
1.94383e+09
6.36282e+08
3.65125e+08
9.05473e+07
9.30875e+08
5.17735e+08
7.20982e+08
1.52229e+09
1.73546e+09
4.17729e+08
1.26034e+09
4.98324e+08
1.25327e+09
1.97405e+08
1.80154e+09
1.28184e+09
3.95752e+07
2.01856e+09
2.01766e+08
1.90159e+09
1.11925e+09
1.77067e+09
2.92869e+08
2.12389e+09
9.45242e+07
7.67979e+08
1.42746e+09
6.6541e+08
8.53618e+08
1.49666e+09
1.74103e+09
6.4996e+08
2.13294e+09
2.10616e+09
7.40508e+08
9.16333e+08
4.7641e+08
1.46149e+09
2.91138e+08
6.43816e+07
1.87922e+09
1.55148e+09
5.62705e+08
9.85005e+08
1.74888e+09
2.16759e+08
1.19361e+08
1.78846e+09
8.78391e+07
3.21127e+08
1.54256e+09
1.20709e+09
2.0918e+09
1.83543e+09
1.1835e+09
3.88375e+07
4.55922e+08
4.6347e+08
7.04248e+08
1.30954e+09
1.96013e+09
2.97798e+08
1.9595e+09
1.94559e+09
2.56472e+08
5.52524e+08
7.14438e+08
7.32883e+08
2.01401e+09
1.00558e+09
7.97264e+08
1.74575e+09
4.09568e+08
1.35997e+09
5.8327e+08
1.0965e+07
1.57673e+09
7.02631e+08
1.79942e+09
1.66457e+09
1.02376e+09
1.19449e+09
7.24173e+08
9.68071e+08
8.82438e+08
1.90767e+09
1.00691e+09
1.33836e+09
2.23655e+08
1.71116e+09
5.00416e+08
3.63014e+07
2.00895e+09
3.12433e+08
1.98189e+09
1.17942e+08
8.64957e+08
5.48844e+08
8.50825e+08
7.31487e+08
1.55442e+09
1.64809e+09
3.29752e+08
1.96399e+09
8.60575e+08
9.13021e+08
1.97495e+09
2.89821e+08
1.61565e+09
1.62689e+09
1.95439e+09
4.91926e+08
6.73901e+08
5.31078e+08
1.46e+09
1.55634e+09
2.91264e+08
3.1942e+08
7.47215e+08
5.14919e+08
2.03058e+09
1.24763e+09
5.51221e+08
1.89205e+09
1.56006e+09
3.85627e+08
2.00999e+09
2.77537e+08
9.34471e+08
7.1333e+08
1.00902e+09
3.41407e+08
2.13936e+08
1.33878e+09
1.57911e+08
1.07451e+09
1.04313e+08
2.13286e+09
1.36433e+09
1.71997e+09
1.61227e+09
1.17124e+09
6.44073e+07
1.38688e+08
1.70232e+09
1.5244e+09
1.69503e+09
1.99358e+09
1.84382e+09
2.94759e+08
3.61015e+08
1.72692e+09
1.54239e+09
9.12235e+08
1.47148e+09
9.5497e+08
1.29786e+09
1.33398e+09
1.23251e+09
8.48493e+07
2.04731e+09
9.4047e+07
4.26256e+08
1.13766e+08
1.43282e+09
5.84168e+08
1.18828e+09
1.53714e+09
5.69548e+08
4.05125e+08
1.10962e+09
3.43348e+07
1.57636e+09
1.17402e+09
1.73023e+08
1.13119e+09
5.50945e+08
1.86805e+09
9.7729e+08
2.47285e+08
1.53256e+07
1.3383e+09
1.9742e+09
1.55772e+09
1.03056e+08
1.2982e+09
3.65202e+08
1.40092e+09
4.84697e+08
1.59771e+09
1.48577e+09
3.84527e+08
1.69176e+09
1.91202e+09
4.98293e+08
9.77095e+08
3.48708e+08
1.68657e+09
3.66747e+08
9.18256e+08
2.0917e+09
1.47636e+09
9.52591e+08
1.52057e+09
5.02906e+08
1.12561e+09
5.04285e+08
1.05385e+09
8.46181e+08
1.48157e+09
1.30114e+09
8.61506e+08
6.72395e+08
1.12785e+09
2.71738e+08
7.75452e+08
2.78566e+08
6.3694e+08
2.88863e+07
7.63262e+08
8.71652e+07
1.51465e+09
1.14779e+09
1.77892e+09
1.27919e+09
1.64608e+09
6.08532e+08
1.6279e+09
1.18517e+09
9.75279e+08
3.98675e+08
1.12938e+09
3.0416e+08
1.35127e+09
5.02471e+08
8.07066e+08
3.29396e+08
1.00676e+09
1.86092e+09
1.17558e+09
3.40847e+08
1.01457e+09
2.03708e+09
1.01324e+09
2.14242e+09
1.61338e+08
1.78869e+09
2.73503e+08
7.98278e+08
1.81758e+09
1.03677e+09
8.85443e+08
1.18475e+09
3.70711e+07
5.1688e+08
3.16461e+08
1.68315e+09
1.12541e+09
1.94436e+09
7.20838e+08
2.10069e+09
1.95556e+08
1.85022e+09
2.57368e+08
1.54682e+09
2.05206e+08
1.06443e+09
1.87622e+09
1.21196e+09
7.77868e+08
9.04311e+08
1.55281e+09
1.79244e+09
7.93911e+08
4.18568e+08
1.78737e+09
9.55249e+08
5.97778e+07
2.06088e+09
1.75353e+09
1.87736e+09
9.5016e+08
4.91486e+08
9.14625e+08
9.87231e+08
1.00837e+09
1.23109e+09
5.229e+08
2.13378e+09
1.02797e+09
1.24374e+09
2.08699e+09
1.22352e+09
9.46473e+08
1.96871e+08
6.2286e+08
1.15168e+09
1.26131e+09
3.51594e+08
2.16158e+08
2.03917e+09
1.25591e+09
1.76897e+09
1.68413e+09
2.04982e+09
4.00516e+07
1.32402e+09
8.57582e+08
9.98294e+07
1.23741e+09
4.63624e+08
1.97719e+09
4.00871e+07
9.5511e+08
7.44328e+08
1.02732e+09
1.96348e+09
1.97541e+09
1.55022e+09
1.94977e+09
8.55897e+08
6.46473e+08
1.88927e+09
2.07942e+09
1.59295e+09
2.08615e+09
5.54796e+08
5.97142e+08
1.19997e+09
9.0639e+08
8.13301e+08
1.09166e+09
1.48125e+07
4.34785e+08
6.28301e+08
2.06463e+09
4.74836e+08
1.95232e+09
7.74727e+08
5.74666e+08
1.04225e+09
1.23835e+09
4.04369e+08
1.08233e+09
4.59775e+07
1.1487e+09
2.10965e+09
2.00945e+09
9.76628e+08
1.51239e+09
1.81174e+09
1.83253e+09
1.13746e+07
1.55353e+09
1.76446e+09
1.60432e+09
1.49219e+09
1.71774e+08
5.39797e+07
5.44678e+08
1.07816e+09
8.6728e+08
1.63634e+09
1.09298e+09
1.30207e+09
1.17153e+08
1.01012e+09
1.7769e+09
2.06947e+09
1.78485e+09
2.04083e+08
9.64234e+08
8.75717e+08
6.08452e+08
2.04657e+09
9.21694e+08
1.75715e+09
2.00873e+09
7.83664e+08
5.86294e+08
1.37364e+09
4.47922e+08
2.71336e+08
1.38501e+09
2.00145e+09
2.0358e+09
8.41847e+08
1.34616e+09
6.00882e+07
8.95827e+08
1.89084e+09
1.13825e+09
1.76311e+09
1.37969e+09
8.37461e+07
9.17688e+08
1.49685e+09
1.09387e+09
5.47106e+08
1.41884e+09
7.31234e+08
7.51189e+08
2.35586e+08
1.60695e+09
1.35964e+09
1.34669e+08
3.81161e+08
9.69307e+08
2.1434e+09
1.16483e+09
1.5556e+09
1.36955e+09
1.61275e+09
1.82694e+09
6.0708e+08
1.46672e+09
1.71525e+09
1.44893e+09
6.65398e+08
1.77534e+09
1.9727e+08
4.08757e+08
7.66108e+08
1.96038e+09
1.78845e+09
8.49855e+08
7.30582e+08
1.13782e+09
1.94372e+09
1.27769e+09
4.09168e+08
5.27473e+08
2.02888e+09
6.44754e+08
2.13442e+09
1.24103e+09
7.79423e+08
3.68101e+08
6.2857e+07
7.75342e+08
1.53293e+09
1.61846e+09
2.1449e+09
9.9819e+08
1.29791e+09
6.04492e+08
3.17423e+08
8.65679e+08
2.05342e+09
9.82821e+08
4.93534e+08
1.03205e+08
1.39158e+09
1.25964e+09
2.06358e+09
1.03255e+09
2.1095e+09
6.46681e+08
2.28779e+07
1.90574e+09
1.92437e+09
4.32046e+08
2.85726e+08
1.80576e+09
1.0768e+09
2.72666e+08
8.99312e+08
1.85622e+09
6.40767e+08
9.62169e+08
4.84081e+08
2.621e+07
4.33143e+08
4.81494e+08
1.0244e+09
1.73105e+09
1.08599e+09
1.34182e+09
4.49249e+08
9.91921e+08
1.77161e+08
9.42783e+08
1.09513e+09
1.56874e+09
5.49425e+07
1.01123e+09
4.53801e+08
1.69561e+07
1.65791e+09
4.76679e+08
1.92269e+09
1.43479e+09
9.08725e+08
6.09353e+07
1.09307e+09
1.98553e+09
3.33602e+08
1.99238e+09
1.69426e+09
9.74369e+08
8.07068e+08
3.08625e+07
1.00058e+09
1.24021e+09
5.12356e+08
2.02498e+09
8.23782e+08
1.59834e+09
1.21932e+09
1.27303e+09
4.42779e+08
1.39648e+09
6.83311e+07
1.53791e+09
8.17734e+08
1.23274e+08
4.01647e+08
1.27153e+09
1.4023e+08
2.05955e+09
1.74821e+09
2.06292e+09
1.34686e+09
5.09455e+08
2.12386e+09
2.92448e+08
3.47496e+08
3.09976e+08
1.37347e+08
2.04176e+09
1.28434e+09
9.44414e+08
2.07262e+09
1.3744e+08
3.71419e+07
4.37496e+08
1.49349e+07
8.60924e+08
2.03584e+09
1.23425e+09
2.13396e+09
3.31133e+08
4.83248e+08
5.48025e+07
1.86904e+09
1.30098e+09
1.78076e+08
1.23202e+08
4.25033e+08
3.18306e+08
3.52717e+07
2.57627e+07
2.33744e+08
1.38213e+09
5.35217e+08
2.10118e+08
1.67458e+09
8.82713e+08
5.20094e+08
1.81193e+09
7.7699e+08
1.80444e+09
6.08859e+08
7.0213e+08
1.94188e+09
6.46001e+08
1.13963e+09
1.95681e+09
1.50692e+09
1.02798e+09
1.04358e+09
1.4934e+09
1.35911e+09
1.52683e+09
1.5482e+09
1.08067e+09
6.80329e+08
1.72627e+09
1.20387e+09
1.10536e+09
2.04458e+09
1.23914e+09
1.13112e+09
1.30841e+08
4.7379e+08
1.66634e+09
3.40959e+08
887447
4.01571e+08
8.61053e+08
1.81282e+09
1.17856e+09
5.18008e+08
2.74191e+08
1.88069e+09
3.12402e+08
9.20192e+08
8.72834e+08
1.21732e+08
2.79633e+08
1.90081e+09
1.16531e+09
1.77303e+09
1.11244e+09
5.44661e+08
1.17374e+09
4.56246e+07
1.22499e+09
7.52535e+08
1.24949e+09
1.82868e+08
6.49632e+08
3.41149e+08
1.31399e+09
7.80473e+08
8.14938e+08
8.3285e+08
1.12143e+09
8.15826e+08
1.23442e+09
1.98249e+09
4.81158e+08
2.65499e+08
3.53009e+08
7.55349e+08
2.14619e+09
6.65411e+08
1.67554e+09
8.71541e+08
7.87143e+08
1.95517e+09
6.24871e+08
1.95246e+09
1.58072e+09
1.73731e+09
3.49635e+08
6.06979e+08
1.78294e+09
1.57462e+09
1.35951e+09
8.84946e+08
1.75749e+09
2.00915e+09
1.22609e+09
9.24e+08
6.42136e+08
2.04103e+09
1.75685e+09
1.76357e+09
7.09375e+08
8.43787e+08
1.59857e+09
1.19053e+09
1.10929e+09
1.95158e+09
1.94588e+09
1.10799e+09
4.69508e+08
1.47394e+09
1.97953e+09
1.25665e+09
1.28163e+09
4.5692e+08
1.06162e+09
7.14864e+08
4.67488e+07
1.41126e+09
1.32184e+09
1.82969e+09
8.384e+08
5.33874e+08
5.67148e+08
4.48408e+08
3.95537e+08
1.79324e+09
1.37241e+09
1.03767e+09
1.68679e+09
9.81775e+08
6.53759e+08
2.48684e+08
1.82556e+09
1.04846e+08
1.43922e+09
7.87364e+08
2.05643e+09
1.23762e+09
1.89536e+09
3.7845e+08
5.6407e+08
1.72741e+09
1.6351e+09
1.8457e+09
3.68421e+07
5.49241e+08
4.13079e+08
8.35909e+07
1.9605e+09
1.73492e+09
1.91328e+09
6.51417e+08
1.21312e+08
3.32941e+08
1.09983e+09
5.1685e+08
2.12618e+09
3.2475e+08
1.55452e+09
1.66549e+09
1.30653e+09
6.07989e+07
1.91418e+09
9.84603e+08
1.65645e+08
1.20591e+09
1.77197e+09
7.45868e+07
2.96042e+08
1.51984e+09
4.53036e+08
8.60113e+08
1.09976e+09
2.08814e+09
5.58328e+08
1.1366e+09
4.89894e+08
9.71407e+08
1.22019e+09
3.02911e+08
5.58845e+08
9.85987e+08
9.54328e+08
6.80157e+08
1.31893e+09
2.05415e+09
1.19701e+09
1.29763e+09
2.3142e+08
6.04046e+08
8.15638e+08
1.53794e+09
6.64845e+08
5.82332e+08
3.75064e+08
8.3049e+08
1.78824e+09
2.14703e+09
9.05077e+08
2.08429e+09
1.51939e+09
1.35811e+09
7.96914e+08
4.71664e+08
1.29877e+09
1.35524e+09
1.60827e+09
1.78866e+09
1.79165e+08
6.80977e+08
2.09157e+09
7.3801e+08
1.66696e+09
8.98416e+08
1.41817e+09
8.38409e+08
8.05085e+08
4.67689e+08
2.13604e+09
1.0365e+09
1.07174e+09
8.04192e+08
4.26966e+08
1.73658e+09
1.38652e+09
8.02031e+08
4.19586e+08
1.02728e+09
8.01578e+08
1.32466e+09
9.64085e+08
1.73481e+08
5.35292e+08
1.761e+09
6.45145e+08
1.83406e+09
9.68758e+08
1.05928e+08
1.47524e+09
1.14792e+09
7.86905e+08
1.41932e+09
1.88593e+09
3.06385e+08
1.70255e+08
1.15662e+09
1.14479e+09
9.7534e+08
1.6243e+09
1.13335e+09
2.01184e+09
5.48556e+08
1.93754e+09
2.91328e+08
1.37653e+08
1.17658e+09
1.09336e+09
5.57239e+08
5.63797e+07
1.89494e+09
1.8819e+09
1.02046e+09
2.06842e+09
2.69711e+08
6.3398e+08
5.66078e+08
2.10377e+09
1.60274e+09
6.72006e+08
1.43152e+09
6.03176e+08
1.45891e+09
7.0336e+08
3.41625e+08
1.7653e+09
8.73615e+08
1.49824e+09
7.62606e+08
1.84896e+09
9.75061e+08
1.89595e+09
1.71332e+09
1.52362e+09
1.68601e+09
2.00464e+09
1.66127e+09
7.15107e+08
9.50519e+08
7.10243e+07
7.71487e+08
6.97972e+08
1.95293e+09
1.79195e+09
6.18906e+08
7.51536e+07
2.78447e+08
1.18498e+09
3.14393e+07
1.88118e+09
1.85699e+09
1.46296e+09
3.36877e+08
1.16842e+09
1.88372e+07
6.78501e+08
7.8623e+08
8.92453e+08
2.92576e+07
1.54884e+09
5.93924e+08
1.00432e+09
1.29731e+09
1.59758e+08
3.80451e+08
8.35834e+08
1.69187e+07
2.04172e+09
1.55094e+09
9.67438e+08
2.11274e+09
1.74945e+08
1.66541e+09
1.91819e+09
1.9669e+09
1.36833e+08
1.99334e+09
9.78596e+07
1.32182e+09
2.02478e+09
1.97904e+09
1.03132e+09
1.34026e+09
1.68437e+08
5.22585e+07
1.35909e+09
8.46938e+08
8.38489e+08
1.04063e+08
8.76196e+08
2.39842e+08
6.97987e+08
1.88051e+09
1.53715e+09
8.57745e+08
1.13481e+08
2.255e+08
8.74664e+08
7.71722e+06
1.77644e+09
1.8421e+09
2.12046e+09
1.95139e+09
1.36003e+09
1.89116e+09
1.7708e+09
1.49686e+09
1.73702e+09
1.86866e+09
6.71195e+08
1.61432e+09
1.70022e+09
1.70252e+09
8.07091e+08
1.86866e+09
1.75478e+09
1.87008e+07
5.68111e+08
4.45783e+08
1.22764e+08
1.44431e+09
6.85625e+08
8.20751e+08
1.17734e+09
7.52909e+07
1.6785e+09
1.29082e+09
3.00791e+08
4.05676e+08
1.29853e+09
2.07723e+09
1.00294e+08
1.27151e+09
1.88114e+09
1.46032e+09
1.01519e+09
1.50445e+09
8.09699e+08
6.04731e+08
1.22563e+09
1.48089e+09
7.15656e+07
7.78364e+08
1.03593e+09
8.78656e+08
4.99537e+08
6.43223e+08
8.97357e+08
1.06765e+09
1.08901e+09
1.02012e+09
3.6447e+08
1.77463e+09
1.84087e+09
1.54181e+09
1.84992e+09
1.37188e+09
6.8514e+08
3.22935e+06
1.77756e+09
1.98367e+09
2.08046e+09
1.87785e+09
1.1077e+09
1.81412e+09
1.19069e+09
2.1229e+09
1.17109e+09
2.00039e+09
5.80144e+08
2.4923e+08
1.3338e+09
6.5171e+08
1.02759e+09
2.22247e+08
1.53037e+09
1.52713e+09
8.6547e+08
2.8024e+08
4.47294e+08
1.95448e+09
1.30036e+09
8.11764e+08
1.58162e+09
9.93748e+08
2.06087e+08
1.28406e+09
2.18148e+08
8.91226e+08
1.28729e+09
1.99571e+09
7.27417e+08
1.22027e+09
1.72608e+09
1.83512e+09
8.86902e+08
7.69284e+08
1.81053e+09
2.05799e+09
6.22191e+08
2.43194e+08
1.59733e+08
1.95599e+09
8.94904e+08
1.18733e+09
3.07556e+07
2.77786e+08
5.66974e+08
8.96226e+08
5.58026e+08
1.01427e+09
7.03218e+08
1.85839e+09
1.82603e+09
1.37357e+08
7.0465e+08
2.03212e+09
1.42142e+09
9.22798e+08
7.75862e+08
5.61225e+08
7.71022e+08
1.50328e+09
1.78149e+09
3.49615e+08
1.19092e+09
5.20912e+08
1.1189e+09
8.53965e+08
4.31415e+08
1.74109e+09
1.09716e+09
5.91148e+08
1.5496e+09
1.99206e+09
1.77848e+09
1.58035e+09
1.22366e+08
1.97966e+08
3.29096e+08
6.80392e+08
1.21223e+09
1.03231e+09
3.91294e+08
8.90783e+08
1.16967e+09
1.09594e+09
7.75418e+08
4.43605e+08
2.01874e+09
1.55128e+09
1.00483e+09
6.42281e+08
9.07075e+08
6.3884e+08
9.91896e+08
2.09799e+09
1.15975e+09
2.1108e+09
8.04473e+08
1.59117e+09
1.7044e+09
1.90163e+09
3.48329e+07
1.10652e+09
1.74621e+09
1.81331e+09
5.39387e+08
1.86858e+09
2.01127e+09
8.68483e+08
4.01486e+08
1.07602e+09
1.9008e+09
7.9278e+08
1.96681e+09
9.22984e+08
1.88872e+09
5.94742e+08
1.36659e+09
1.75998e+09
2.14602e+09
2.23936e+08
2.54782e+08
9.05613e+08
8.62776e+08
1.24668e+09
8.5612e+08
2.02253e+09
1.20999e+09
1.66059e+09
1.46621e+09
7.66907e+08
1.41474e+09
1.50105e+09
1.87342e+09
1.01347e+09
1.16687e+09
2.65326e+08
7.34563e+08
1.03066e+09
1.13381e+09
1.13605e+09
2.10669e+09
8.87121e+08
1.92883e+09
1.92601e+09
1.81011e+09
1.67007e+09
3.73268e+08
1.02921e+09
1.28257e+09
3.71806e+08
1.25315e+09
1.53735e+09
1.27742e+09
2.11592e+09
6.36546e+08
2.13354e+09
1.99097e+09
1.84654e+09
1.64665e+09
1.3097e+09
4.65958e+08
9.13905e+08
6.63259e+08
1.91898e+08
1.92737e+09
1.83013e+09
4.57224e+08
5.14453e+08
7.13307e+08
1.59103e+09
1.6505e+09
6.72509e+08
3.3067e+08
1.43185e+09
4.51035e+08
2.14078e+09
9.54432e+08
8.24303e+08
1.0225e+09
8.95174e+07
1.19611e+09
1.28166e+08
1.62687e+09
3.26044e+08
9.66045e+07
1.15931e+08
3.12099e+08
2.08757e+09
1.96247e+09
1.95875e+09
1.24978e+09
2.8094e+08
7.25168e+08
1.91304e+09
4.72838e+08
5.05058e+08
1.59569e+09
9.30062e+08
1.01951e+09
1.61513e+08
3.73611e+08
5.22529e+08
8.34022e+08
7.04281e+08
1.95438e+09
1.28506e+09
6.97573e+08
7.61323e+08
2.10936e+09
1.72008e+09
8.50841e+08
1.15799e+09
1.84824e+09
3.30226e+08
1.48403e+09
1.94485e+09
4.46156e+08
1.79613e+09
1.88493e+09
2.61138e+08
1.60739e+09
9.87236e+08
5.42079e+08
1.85075e+08
7.52796e+08
1.01492e+09
6.90133e+08
2.01001e+08
1.94498e+09
1.70964e+09
3.62514e+08
1.71106e+08
8.469e+07
1.19654e+09
8.75387e+08
2.03907e+09
3.3411e+08
1.57296e+09
6.52905e+08
2.95987e+08
1.14555e+09
1.50375e+09
1.45397e+09
8.46311e+08
1.83397e+09
7.90518e+08
6.43673e+08
1.32645e+08
4.39162e+08
3.81124e+08
3.93783e+08
2.04655e+09
1.36836e+09
9.35862e+08
8.41436e+07
2.12115e+09
1.95078e+09
7.74276e+08
1.74673e+08
1.74827e+09
3.36437e+08
5.37187e+08
1.91938e+09
4.21127e+08
1.73372e+09
6.47284e+08
3.12709e+08
2.06783e+09
7.27608e+07
9.65614e+08
2.16336e+08
1.21831e+09
3.21877e+08
1.67031e+09
2.06462e+09
8.36493e+06
3.13342e+08
5.60813e+08
1.4101e+08
7.52504e+08
9.41937e+08
5.34793e+08
6.51573e+08
1.62813e+08
1.47065e+09
7.35717e+08
1.36484e+08
1.27395e+09
1.50999e+09
3.11157e+08
8.74741e+08
1.84643e+09
8.48344e+08
6.46638e+08
1.20074e+08
4.34583e+08
1.29392e+09
4.32783e+08
3.54933e+08
1.36668e+09
1.3984e+09
5.71269e+08
4.37513e+08
1.72027e+09
9.40931e+07
3.54653e+08
1.72864e+09
4.07435e+08
9.15467e+08
1.86965e+09
1.15994e+09
1.8574e+09
2.56957e+08
1.81151e+09
2.02022e+09
1.72761e+09
3.99746e+08
9.21658e+06
8.54079e+08
1.90974e+09
3.20373e+08
1.72882e+09
1.60869e+09
1.16872e+09
2.27974e+08
1.72876e+09
1.6033e+09
1.5219e+09
1.40598e+07
1.95823e+09
7.41096e+08
1.41246e+09
3.82018e+08
1.17861e+09
9.85247e+08
4.76111e+08
1.53326e+09
5.66402e+08
8.83546e+08
3.01245e+08
2.88567e+08
2.04349e+09
1.11646e+07
5.45524e+08
1.70752e+09
2.03138e+09
1.25653e+08
2.10726e+09
2.0406e+09
9.79732e+08
1.86952e+09
2.13487e+08
5.61068e+08
1.33072e+09
1.3822e+09
7.89042e+08
9.11998e+08
8.3802e+08
1.63454e+08
9.26058e+08
6.48769e+08
9.0455e+08
1.91031e+08
1.03079e+09
2.08316e+09
1.17628e+09
1.5069e+09
1.46894e+09
1.74268e+09
2.4296e+08
1.77018e+09
2.03125e+09
1.38963e+08
1.78135e+09
4.29288e+08
1.84648e+09
1.66524e+09
5.54941e+08
1.80626e+09
1.55836e+09
1.53467e+09
1.52829e+09
1.77184e+09
2.09574e+09
7.11528e+08
1.00656e+09
7.37298e+08
1.62353e+09
1.84459e+09
9.00752e+08
4.02099e+08
3.45871e+08
1.8053e+09
5.9313e+08
1.37666e+09
1.74098e+09
1.76941e+09
7.36072e+08
1.06243e+09
1.3646e+09
9.79032e+08
6.85129e+08
1.24837e+09
1.11799e+09
3.18991e+08
1.67766e+09
8.16989e+08
1.98423e+09
8.5113e+07
4.75761e+08
1.39511e+09
1.61979e+09
2.00405e+09
1.01947e+09
1.56804e+09
5.68095e+08
2.02603e+09
1.57856e+08
4.41373e+07
1.72313e+09
1.05861e+09
4.46237e+08
2.06901e+09
7.16427e+08
1.03937e+09
1.29818e+09
3.09921e+08
6.61292e+08
2.03425e+09
1.37235e+09
2.0259e+09
8.658e+08
2.05748e+09
1.12678e+09
1.98379e+09
2.28988e+08
6.56954e+08
6.53299e+08
6.57387e+07
7.42067e+08
1.12906e+09
1.46085e+09
2.14369e+08
9.85628e+08
3.32832e+08
1.78241e+09
1.55372e+09
2.11382e+08
1.94027e+09
1.59786e+09
1.93452e+09
8.5139e+08
2.0441e+09
1.85604e+09
1.56782e+09
9.35981e+08
1.00674e+09
1.87774e+09
1.59727e+09
8.93503e+08
1.1026e+09
1.47569e+09
1.7593e+09
1.0126e+09
4.54984e+08
1.59561e+09
1.24159e+09
1.11194e+09
1.01429e+08
1.30733e+09
1.854e+09
1.23049e+09
6.2069e+08
2.06837e+09
6.86331e+07
9.53523e+08
1.7033e+09
1.62236e+09
1.1649e+09
1.49608e+09
1.07273e+09
9.51938e+08
1.99987e+08
9.69348e+08
6.60493e+08
1.7678e+09
1.90533e+09
1.66723e+09
1.49806e+09
1.35512e+09
4.13248e+08
4.53177e+08
6.8332e+08
2.5067e+07
1.46578e+09
1.1383e+09
1.62068e+09
5.59883e+08
1.02758e+08
1.72211e+09
1.86721e+09
1.95676e+09
8.05114e+08
3.40417e+08
1.87765e+09
8.73747e+08
1.29394e+09
1.43347e+09
3.4862e+08
3.1136e+08
7.82065e+08
1.42135e+09
1.2633e+09
9.82052e+08
2.43218e+08
1.92379e+09
6.02372e+08
1.06272e+06
1.44354e+09
2.10043e+09
1.35618e+09
1.85678e+09
4.06121e+08
2.0395e+09
1.88185e+09
1.8719e+09
1.03032e+09
1.35505e+09
2.84298e+08
1.13308e+09
9.29673e+08
4.02437e+06
9.42357e+08
1.73479e+09
3.44441e+08
6.72526e+08
4.6105e+08
1.63838e+09
2.10599e+09
8.0967e+08
1.94974e+09
7.40575e+08
8.35397e+07
1.06555e+09
1.72263e+09
3.26757e+08
8.41862e+08
1.77514e+08
3.2782e+08
1.37915e+08
1.30459e+08
1.684e+09
1.9947e+09
5.3658e+08
1.57602e+09
1.72907e+09
2.60995e+08
4.58855e+08
9.36632e+08
5.45293e+08
1.59193e+09
1.8663e+09
5.49318e+08
3.86807e+08
1.45361e+09
8.93759e+08
1.05933e+09
1.91466e+09
3.84655e+08
1.01784e+09
5.76844e+08
1.86912e+08
1.75842e+09
6.60383e+08
1.25247e+09
1.33356e+09
9.87141e+08
2.09433e+09
1.51107e+09
1.31496e+09
8.47604e+07
1.64153e+09
8.51478e+08
2.07946e+09
3.06285e+07
2.80012e+08
1.66104e+09
2.91624e+08
7.38867e+08
4.50192e+08
8.36917e+08
1.83316e+08
1.69013e+08
1.38623e+09
5.70123e+08
1.62262e+09
1.3251e+08
1.62946e+09
1.38979e+09
5.17165e+08
4.99815e+08
1.96664e+09
7.04077e+08
1.10748e+08
4.79538e+08
1.95654e+09
1.44431e+09
1.46668e+09
1.90339e+09
8.07898e+08
6.34156e+08
1.98815e+09
3.01946e+08
1.48563e+09
1.92012e+09
3.32575e+08
1.76565e+09
1.43369e+09
6.24199e+08
3.57028e+08
1.88388e+09
1.46112e+09
5.40345e+08
2.05289e+09
6.99867e+08
1.11047e+09
1.52803e+09
8.32377e+08
5.92441e+08
7.70339e+08
1.34954e+09
1.09226e+09
5.89494e+08
2.05362e+09
1.203e+09
1.06903e+09
1.86268e+09
4.99827e+08
3.88226e+08
1.61858e+09
1.30772e+09
1.02238e+09
1.45925e+09
1.60967e+09
3.60532e+08
1.23189e+09
1.94225e+09
2.12618e+09
5.1809e+08
4.18961e+08
3.35722e+08
2.54483e+08
1.88008e+09
8.76066e+08
1.5989e+08
4.32461e+08
1.98653e+09
1.68792e+09
1.26484e+09
4.31492e+08
3.10774e+08
4.66896e+08
1.52375e+09
9.00267e+08
3.73031e+08
5.79267e+08
1.9693e+09
8.82252e+07
1.07909e+09
2.10041e+08
1.70681e+09
2.39335e+08
1.23242e+09
1.01857e+09
1.84901e+09
1.59295e+09
1.02975e+08
1.64377e+09
1.57165e+09
6.21065e+08
2.06273e+09
1.90737e+09
8.75548e+08
1.79532e+09
6.35952e+08
1.03544e+09
8.03007e+07
4.75003e+08
5.75873e+08
1.34514e+09
9.06495e+08
8.86647e+08
1.81203e+09
2.82758e+08
1.78691e+09
3.75818e+07
8.62025e+08
1.60873e+09
1.25807e+08
1.94112e+09
1.81877e+09
1.83261e+09
3.297e+07
9.03709e+08
7.03701e+08
1.88198e+09
3.4918e+08
8.06676e+08
1.37826e+09
1.92083e+09
1.42774e+09
1.29351e+09
1.68071e+09
1.55805e+08
9.41347e+08
1.69182e+08
1.19124e+09
1.02165e+09
6.44186e+08
1.76712e+09
2.19303e+08
1.55068e+09
5.0628e+08
2.03134e+09
1.83344e+09
1.4571e+08
2.06892e+09
5.47981e+08
1.75444e+09
4.72424e+07
3.41616e+08
1.42572e+09
1.87986e+09
3.74586e+08
1.8195e+08
4.36074e+08
1.09078e+08
5.31129e+08
1.24275e+09
1.48734e+09
3.04473e+08
5.23008e+08
6.33363e+08
1.98519e+09
6.78813e+08
1.57471e+09
6.88575e+06
1.87006e+09
4.48875e+08
6.51072e+08
1.48969e+09
6.68178e+08
5.42687e+07
1.99597e+09
5.52031e+08
1.88771e+09
2.14168e+09
4.73467e+08
2.88205e+08
1.74863e+09
5.20709e+08
6.29821e+08
1.02688e+09
2.53082e+08
1.00441e+09
1.20883e+09
6.89156e+08
1.11348e+09
1.73995e+09
1.93191e+09
4.5334e+08
2.04443e+09
3.07431e+08
1.0867e+09
1.88213e+09
9.86243e+08
5.1393e+08
1.88902e+09
7.08816e+08
9.62805e+08
3.92605e+08
5.1022e+07
1.63098e+09
4.46874e+08
2.04699e+09
3.55299e+07
1.87098e+08
2.04119e+09
5.08997e+08
4.75303e+08
1.64234e+09
1.02971e+09
1.10512e+09
5.2173e+08
1.28279e+09
2.10953e+09
1.73056e+09
1.97194e+09
1.07553e+09
1.32303e+09
1.75637e+09
1.52887e+09
1.21997e+09
2.0638e+09
4.68091e+08
9.54619e+08
9.02558e+08
9.82021e+08
6.96152e+08
1.61137e+09
1.94483e+09
1.08876e+09
1.6624e+09
1.42832e+09
1.53563e+09
1.5619e+09
1.46385e+09
1.72273e+09
1.45561e+09
1.97285e+09
5.05483e+07
9.50462e+08
8.55072e+08
1.15567e+09
1.47219e+09
2.13786e+09
1.11772e+09
1.05526e+09
1.96232e+09
4.5766e+07
2.30807e+08
1.5712e+09
1.57464e+09
1.45078e+09
1.48752e+09
2.04273e+09
2.57913e+08
2.42593e+08
8.77265e+08
9.54065e+08
1.85397e+09
6.74607e+08
2.04282e+09
1.36888e+09
2.10293e+09
1.43097e+09
7.83298e+08
1.4193e+09
1.00622e+09
9.14216e+07
1.24467e+09
1.05676e+09
1.04188e+09
2.09974e+09
6.49517e+07
3.66592e+08
2.09012e+09
1.18267e+09
1.42186e+09
1.90495e+09
1.22844e+09
1.65266e+09
1.32867e+09
6.5559e+08
9.55956e+08
6.68709e+08
5.50835e+08
1.21387e+09
9.11302e+08
1.4281e+09
2.045e+07
6.17784e+08
2.10271e+09
2.06327e+09
1.98666e+09
2.05815e+09
1.34676e+09
6.22477e+08
1.32997e+09
2.0549e+08
7.13898e+08
4.27155e+08
1.26225e+09
1.75578e+09
3.79412e+08
1.3272e+09
2.12237e+09
3.22044e+08
3.62391e+08
1.39675e+09
7.95142e+07
1.59083e+09
9.01925e+08
1.40819e+09
9.89336e+07
1.85788e+09
2.0769e+09
6.49768e+08
9.24266e+08
8.40716e+08
2.07787e+09
9.44716e+08
1.4585e+09
2.03309e+09
8.60505e+08
1.29768e+09
1.94376e+09
5.97795e+07
1.92016e+09
1.12625e+09
2.65269e+08
4.8657e+08
1.55341e+09
1.52752e+09
9.48685e+07
1.93282e+09
7.07244e+08
6.97588e+07
1.07378e+08
1.06964e+09
1.4665e+09
1.86892e+08
5.12979e+08
2.20946e+08
1.59508e+09
6.11913e+08
2.07883e+09
1.52449e+09
1.26168e+09
8.55609e+08
2.17727e+08
1.19207e+09
1.80033e+09
1.67623e+09
1.07767e+09
5.13347e+08
8.26422e+08
8.73952e+08
5.73126e+08
5.99093e+08
2.0002e+09
8.38395e+08
1.08566e+09
1.40612e+09
2.18434e+08
1.18053e+09
1.19146e+09
9.25678e+08
1.25029e+09
1.29884e+09
1.99531e+09
5.69312e+08
1.48573e+09
3.60809e+08
7.90258e+08
9.33325e+08
9.72722e+08
7.21601e+08
3.10336e+08
8.69191e+07
1.57721e+09
5.28063e+08
1.27898e+09
1.23005e+09
5.68057e+07
2.09175e+08
1.7434e+09
8.83227e+08
1.08313e+09
1.69041e+08
1.48232e+09
9.35846e+08
1.00744e+09
4.20501e+08
1.94487e+08
1.22587e+09
1.60103e+09
1.38595e+09
4.06544e+06
7.0384e+08
5.37298e+08
1.99938e+09
1.27315e+09
2.02303e+09
2.12704e+08
2.06341e+09
8.08868e+08
1.18543e+09
6.37528e+08
1.1192e+09
1.27235e+09
6.72549e+07
1.64727e+09
4.03846e+08
1.29731e+09
1.70407e+09
6.13021e+08
8.93222e+08
4.39817e+08
1.69615e+09
1.06226e+09
1.92214e+09
4.8451e+08
2.0697e+09
1.95155e+08
6.78997e+08
1.14809e+09
1.79619e+09
2.06494e+09
1.15215e+09
3.52544e+08
4.54758e+08
1.00405e+09
1.6257e+09
3.30301e+08
1.21675e+09
1.54162e+09
1.13917e+09
2.54695e+08
3.1668e+07
1.1089e+08
1.52704e+09
9.89229e+07
1.75816e+09
1.93089e+09
1.39623e+09
1.31475e+09
3.96424e+08
1.41969e+08
1.75456e+09
2.09257e+09
1.20423e+09
1.52922e+09
4.29598e+08
1.12645e+09
1.72437e+09
1.1086e+09
1.27052e+08
1.37308e+09
1.02605e+09
1.2792e+09
1.72562e+09
1.48081e+09
1.35769e+08
1.20383e+09
1.81111e+09
1.35252e+09
5.97973e+08
8.02799e+08
1.60722e+09
6.29641e+08
9.13689e+08
9.86772e+08
7.28564e+08
5.24363e+08
7.70175e+08
2.12479e+09
1.83911e+09
1.1666e+09
1.19279e+08
1.44619e+09
1.11169e+09
1.32351e+09
8.27924e+08
1.54128e+09
3.02476e+08
4.04813e+08
5.02397e+08
4.29527e+08
1.77789e+09
1.52845e+09
1.70873e+09
1.35602e+09
8.61781e+08
1.8445e+09
4.12374e+08
5.2541e+08
1.04954e+09
1.01035e+09
1.32821e+09
5.09271e+08
1.63999e+09
9.44146e+07
1.49604e+09
2.21069e+08
6.18778e+08
1.18735e+08
1.98379e+08
3.10404e+08
1.28533e+09
3.17658e+08
1.75659e+09
2.49537e+08
1.64117e+09
4.37035e+08
1.79082e+09
1.94364e+09
8.41848e+08
1.45735e+08
2.25688e+08
4.72253e+08
1.67419e+09
1.93442e+09
1.82828e+09
3.88484e+08
1.63144e+09
9.31684e+07
9.13895e+08
5.33492e+08
1.10352e+09
9.46202e+07
1.04276e+09
5.96021e+08
1.89035e+08
3.91323e+08
8.1709e+08
8.07812e+08
5.10058e+08
1.01547e+09
1.11822e+09
1.79539e+09
1.33313e+09
7.27327e+08
2.04493e+09
8.26812e+08
1.16436e+09
1.68827e+09
6.22972e+08
2.00621e+09
1.834e+09
8.4866e+08
3.30979e+08
1.3607e+09
6.35597e+08
1.17726e+07
1.74919e+09
1.1955e+08
1.04941e+08
5.156e+08
6.53042e+08
1.20846e+09
6.1022e+08
1.69581e+09
1.80448e+09
7.99255e+08
2.08713e+09
4.74084e+08
1.60707e+09
4.49702e+08
1.48955e+09
5.778e+08
9.76094e+07
6.75196e+08
1.30513e+09
2.14254e+09
1.50201e+09
3.22006e+08
1.68332e+09
2.12498e+09
1.80732e+08
1.36984e+09
8.26156e+08
5.11711e+08
5.83059e+08
1.46175e+09
5.23484e+08
1.84765e+08
1.5813e+09
6.28425e+08
7.00365e+08
8.6862e+07
1.83688e+09
1.31059e+09
1.78267e+09
1.49388e+09
2.10984e+09
1.72231e+09
1.96796e+09
1.56942e+09
2.45298e+07
1.31003e+09
2.14722e+09
1.22139e+08
1.98522e+09
1.30487e+09
1.17193e+08
1.33975e+09
1.62687e+09
1.80051e+09
1.31724e+09
1.80761e+09
1.02287e+09
2.1434e+09
1.71834e+08
1.60593e+09
1.45767e+09
6.95318e+08
1.79069e+09
8.91489e+08
1.32374e+09
3.43574e+08
9.78351e+08
1.01314e+09
1.65416e+09
6.13534e+08
3.59532e+08
1.61652e+09
1.88362e+08
1.80008e+08
1.03846e+09
2.12892e+08
1.49004e+09
1.0382e+09
3.35031e+08
1.32778e+09
1.95581e+08
4.52225e+08
5.20041e+08
1.82245e+09
1.05254e+08
1.83728e+09
1.48258e+09
1.12812e+09
1.8332e+09
1.65441e+09
5.86566e+08
1.14339e+09
2.02246e+08
2.29774e+08
2.03488e+09
1.52599e+09
5.73348e+08
8.65742e+08
3.91644e+08
8.00229e+07
1.47928e+09
7.51176e+08
1.69654e+09
1.66764e+09
9.31184e+08
5.8751e+08
1.88053e+09
2.73737e+08
1.62571e+09
6.80789e+07
1.60151e+09
1.82129e+09
5.20303e+08
2.12156e+09
1.49626e+09
6.25558e+08
1.81136e+09
8.31352e+08
1.75368e+09
1.49707e+09
3.3828e+08
1.92762e+08
4.92977e+08
5.40526e+08
4.22536e+08
3.80368e+08
2.06651e+09
9.95884e+08
1.24611e+09
3.10674e+08
1.07591e+09
5.77904e+08
1.06185e+09
6.24962e+08
9.80589e+07
1.99304e+09
1.21247e+09
1.97859e+09
1.19289e+08
6.90694e+08
2.04667e+09
1.7208e+09
3.64497e+08
4.19489e+08
1.69487e+09
1.86075e+09
1.04505e+09
1.35875e+09
5.44623e+08
6.51242e+08
7.08338e+08
8.82903e+08
8.44004e+08
1.20131e+09
1.42343e+09
1.26654e+09
1.58168e+09
1.34246e+09
1.14941e+08
6.8031e+08
1.65313e+09
1.19085e+09
1.25821e+09
5.675e+08
1.81581e+09
1.35627e+09
4.13052e+08
8.80798e+08
1.18738e+09
5.3234e+08
1.57149e+09
1.08656e+09
1.0566e+08
1.93599e+09
1.50605e+09
1.80053e+09
1.64926e+09
4.03615e+08
1.0118e+09
4.64006e+07
1.05486e+09
1.72014e+09
9.29304e+08
1.89886e+09
7.73967e+08
2.05249e+08
1.01792e+09
2.08166e+08
1.54771e+09
1.13286e+09
8.88476e+08
1.05336e+09
1.76226e+08
2.14669e+09
1.62086e+09
1.99204e+09
1.35548e+09
2.03391e+09
7.25351e+08
3.95374e+08
4.18767e+08
1.4936e+08
1.48194e+09
5.24426e+08
2.08535e+09
8.40507e+08
1.77477e+08
1.58713e+09
1.24412e+09
1.18927e+09
1.63353e+09
1.51497e+08
7.61926e+08
4.15348e+08
2.05036e+09
1.53589e+09
6.20597e+08
9.20795e+08
1.74406e+09
2.08214e+07
2.05366e+09
4.85052e+08
1.07418e+09
8.23979e+07
4.84258e+08
5.47554e+08
2.07443e+09
1.83974e+09
4.3398e+08
6.52301e+08
8.76258e+07
8.52747e+08
8.01661e+08
1.56956e+09
1.37717e+09
7.39527e+08
2.62587e+08
1.55465e+09
1.79171e+08
1.50671e+09
5.96441e+08
1.8127e+09
1.65821e+09
1.35837e+09
8.05623e+07
1.56108e+09
7.46776e+08
7.01159e+08
3.34392e+08
3.43352e+08
7.21981e+08
2.40564e+08
8.28403e+08
1.79616e+09
3.22962e+08
1.31266e+09
1.9623e+08
2.49912e+08
1.00491e+09
6.3021e+08
9.02214e+08
1.09254e+09
1.48296e+09
1.70387e+09
5.14619e+08
7.12646e+08
2.95918e+08
7.77205e+08
1.19812e+08
4.75089e+08
1.3643e+08
7.16252e+08
1.40303e+08
1.79464e+09
2.07462e+09
2.20866e+08
1.20823e+09
6.73912e+08
9.22025e+08
1.54262e+09
1.01726e+09
1.64401e+09
1.78319e+09
1.84567e+09
1.29268e+09
2.10615e+09
1.01084e+09
1.48891e+09
2.08578e+08
2.01576e+09
2.11912e+09
1.11079e+09
9.60812e+08
1.45459e+09
6.67183e+08
1.47543e+09
1.97554e+07
9.63101e+08
1.05153e+08
1.39567e+08
1.43819e+09
2.41583e+08
8.55819e+08
1.57849e+09
2.03622e+09
7.82954e+08
1.79936e+09
1.09697e+09
1.45687e+09
5.739e+08
4.92109e+08
3.26646e+08
7.0422e+07
1.27813e+08
2.48294e+07
1.3631e+09
8.64796e+07
1.03567e+09
7.04531e+08
2.95058e+08
9.03947e+08
6.76169e+08
1.40585e+09
1.86476e+09
2.13076e+09
2.07303e+09
1.19271e+09
3.03394e+06
8.8865e+08
1.29786e+09
1.42601e+08
1.79357e+08
1.53944e+09
9.9842e+08
1.75785e+09
1.42818e+09
1.78137e+09
1.40973e+09
3.77663e+08
1.09076e+09
1.98363e+09
8.69772e+08
1.4174e+09
2.05405e+09
9.97586e+08
1.44223e+09
1.26967e+09
1.08407e+09
3.30422e+08
1.9742e+09
1.37912e+09
1.23437e+09
5.02884e+08
6.37489e+08
9.51645e+08
4.86162e+08
5.63038e+08
2.14435e+09
4.89196e+08
1.45169e+09
1.29473e+09
6.31797e+08
1.63105e+09
6.86687e+08
1.63022e+09
1.24141e+09
2.11487e+09
1.26411e+09
5.03653e+08
3.45046e+08
2.07381e+08
3.39794e+08
1.21482e+09
1.62478e+09
2.46358e+08
6.49199e+07
9.19534e+08
1.51603e+09
1.14899e+09
1.24996e+09
1.34274e+09
3.80625e+08
3.36842e+08
1.84562e+09
1.01811e+09
1.28849e+09
1.84302e+08
1.58115e+09
1.28536e+09
6.73498e+08
8.85358e+08
4.32599e+08
1.30529e+09
3.68919e+08
1.11929e+09
7.88028e+08
1.61033e+09
1.08667e+09
2.05214e+09
2.11398e+09
1.43171e+09
1.12034e+08
3.06294e+08
4.99049e+08
1.73682e+09
5.52652e+08
5.63969e+08
5.08869e+08
2.06868e+09
1.71295e+09
1.75883e+09
1.26393e+09
2.09358e+09
2.09567e+09
9.62074e+08
9.64209e+08
1.23667e+09
1.14638e+09
3.97878e+08
3.74542e+08
1.81987e+09
1.28324e+09
8.07141e+08
9.77685e+08
1.65216e+09
1.92643e+09
1.76571e+09
1.115e+09
8.65613e+08
1.67037e+09
1.0815e+09
1.49843e+08
1.7824e+09
1.3878e+09
6.48892e+08
1.37173e+09
1.94045e+09
1.21286e+09
1.8806e+09
1.86164e+09
7.78331e+08
1.49194e+09
9.78093e+08
7.24426e+08
1.44013e+09
1.94017e+09
1.68864e+09
5.29314e+08
9.39059e+08
2.08651e+09
9.03856e+08
6.11449e+08
1.22227e+09
1.711e+09
1.58913e+09
7.26938e+08
1.48994e+09
1.20736e+09
1.84194e+09
2.08069e+08
7.30244e+08
7.75959e+08
3.57913e+08
3.65159e+08
1.62721e+07
1.00681e+09
1.73689e+09
1.95672e+09
7.21822e+07
1.47001e+09
1.67088e+09
8.50513e+08
8.14472e+08
5.01491e+08
1.57494e+09
1.07116e+08
2.94174e+08
1.11609e+09
6.3643e+08
1.23323e+09
1.05512e+09
1.54029e+09
1.84468e+09
1.29903e+08
1.1038e+09
1.28633e+09
8.56841e+08
4.46255e+08
3.46212e+08
5.51297e+08
6.54324e+08
1.07646e+09
1.32726e+09
1.01224e+09
1.44162e+09
1.34353e+09
2.01904e+09
1.03103e+09
1.15277e+09
2.09122e+09
3.53554e+08
6.76163e+08
7.94254e+08
1.16803e+09
1.17765e+09
2.2171e+08
1.27514e+09
1.47183e+09
1.3378e+09
1.91157e+09
5.57578e+08
2.45438e+08
1.30437e+09
2.54777e+08
3.75341e+08
2.60687e+08
1.54111e+09
1.23218e+09
7.06942e+08
1.88732e+09
1.78348e+09
1.36127e+09
8.16295e+08
9.63251e+08
2.2602e+08
1.10427e+08
1.59295e+08
9.75788e+07
1.14145e+09
1.31206e+09
4.13197e+07
1.49501e+09
1.98822e+09
8.35574e+08
5.15548e+08
1.01839e+09
1.05728e+09
1.79069e+09
3.42739e+08
2.476e+08
1.55478e+09
9.00316e+08
4.93038e+08
7.11666e+08
1.15509e+09
8.68379e+08
9.72353e+08
5.48719e+08
2.10056e+09
1.6793e+09
2.88557e+08
1.73656e+09
8.93078e+08
1.10485e+09
5.52323e+08
1.1191e+09
1.21528e+09
7.11619e+08
1.21668e+09
2.09247e+08
2.02368e+09
1.258e+09
1.70425e+09
1.86442e+09
2.09357e+09
7.23178e+07
7.35331e+08
1.00337e+09
1.86301e+09
1.07807e+09
1.25097e+09
1.2703e+09
1.97839e+09
1.74401e+09
1.98197e+09
9.85995e+08
4.64905e+08
8.06837e+08
1.53471e+09
4.17982e+08
3.38649e+08
1.82327e+09
7.05419e+06
1.23173e+09
7.80638e+08
5.59377e+08
2.03342e+08
1.99592e+09
1.271e+09
1.42002e+09
5.76791e+07
1.14719e+09
5.30533e+08
1.76193e+09
8.6413e+08
4.7662e+08
1.83425e+09
1.59946e+09
1.47999e+09
1.54977e+09
5.30048e+08
5.83477e+08
6.72591e+08
3.6095e+08
1.80003e+08
5.07075e+08
1.34695e+09
6.44908e+08
1.31391e+09
7.34175e+08
1.06289e+09
1.65256e+09
4.09962e+08
1.06994e+09
7.36804e+08
1.1906e+09
1.62932e+09
9.40146e+08
1.03903e+09
7.52834e+08
2.12682e+08
1.09671e+09
1.90003e+09
7.43214e+08
7.1116e+08
6.16673e+08
1.21983e+09
3.97926e+08
6.86503e+07
5.5234e+08
1.9477e+09
5.98698e+08
1.13582e+09
4.72807e+08
9.59648e+08
1.31582e+09
9.79882e+08
1.59109e+08
1.96073e+09
1.4631e+08
8.93285e+08
8.76135e+08
1.79887e+09
1.30325e+09
1.94608e+09
3.88191e+08
3.46363e+08
1.42792e+09
1.32834e+09
1.3854e+09
3.32665e+07
1.54102e+09
3.34623e+08
1.93329e+09
1.36749e+08
1.04578e+09
4.02482e+08
1.35658e+09
1.44371e+09
4.71132e+08
1.90892e+09
1.24392e+09
1.06983e+09
8.97257e+08
1.71673e+09
2.02948e+09
6.55942e+07
5.4913e+08
4.11037e+07
2.02632e+09
6.9544e+08
9.34388e+08
7.54974e+08
3.46827e+08
9.01517e+07
5.53569e+08
7.35018e+08
4.36515e+08
1.98148e+09
2.06336e+09
1.82191e+09
2.01475e+09
1.45689e+09
9.05014e+06
1.80056e+09
1.59364e+09
1.05483e+09
5.55592e+07
8.02738e+08
3.51058e+08